 509 36 # nodes, # max connections
 4 1 2 3 4
 6 1 8 9 10 11 12
 12 1 2 3 5 6 8 9 17 18 19 21 22
 8 1 2 4 8 16 17 20 22
 8 2 3 4 5 16 17 21 23
 6 3 5 6 7 25 26
 6 25 27 28 29 30 31
 8 4 16 20 23 24 37 38 39
 12 5 6 7 18 21 23 33 34 36 38 41 42
 11 7 25 26 28 29 32 34 35 40 42 43
 20 6 7 9 10 11 18 19 26 33 34 35 46 47 48 49 50 52 54 56 57
 12 8 9 10 19 20 22 24 48 51 52 53 55
 11 10 11 12 48 49 51 58 59 60 65 66
 9 11 12 49 50 58 60 61 62 64
 6 12 13 60 63 64 65
 13 13 59 63 65 71 73 74 76 77 80 81 82 83
 6 13 14 78 79 81 82
 13 44 47 50 57 61 62 67 85 86 87 88 89 90
 11 13 62 63 64 67 77 78 82 91 92 93
 11 14 76 79 81 83 97 99 100 102 104 105
 7 14 95 96 97 98 101 102
 10 14 78 79 91 97 99 101 108 109 110
 13 95 96 98 101 106 109 111 112 113 114 115 116 117
 4 95 106 107 116
 7 15 27 120 121 122 123 124
 8 15 120 123 128 130 132 133 134
 8 15 129 130 131 132 138 139 140
 11 15 123 124 126 127 132 133 135 136 137 139
 4 129 141 142 143
 20 16 17 18 19 20 21 22 23 24 33 36 38 39 52 53 54 149 151 152 154
 13 51 55 59 66 68 69 70 71 72 146 147 148 153
 6 37 145 155 156 157 158
 16 24 37 39 53 55 146 147 152 154 156 157 159 161 162 164 165
 7 144 145 167 168 169 170 172
 4 173 174 175 176
 10 144 145 157 158 160 161 162 163 177 178
 8 167 169 172 179 180 181 182 183
 14 68 147 153 161 165 178 184 185 187 188 190 192 193 195
 9 68 70 186 188 189 190 191 193 194
 5 120 121 128 200 201
 14 27 30 31 122 124 125 126 127 208 210 211 214 215 219
 14 25 26 28 31 32 35 44 45 46 47 211 214 217 218
 12 27 29 30 40 121 122 201 206 208 209 210 213
 14 28 29 30 31 32 40 43 45 207 208 212 213 214 217
 22 32 33 34 35 36 41 42 43 45 46 54 56 149 150 151 207 212 223 225 226 228 230
 16 36 37 38 39 41 149 154 155 156 159 166 222 224 225 230 231
 13 40 41 42 43 206 207 213 216 221 222 225 226 229
 14 44 87 89 125 211 218 219 232 233 234 235 237 238 239
 13 74 76 100 104 240 241 242 243 249 250 251 252 253
 24 44 45 46 47 56 57 87 88 150 196 197 212 217 218 223 227 228 233 235 254 255 256 257 258
 28 48 49 50 51 52 53 54 55 56 57 58 61 66 69 86 88 146 148 150 151 152 196 197 198 260 261 265 266
 32 58 59 60 61 62 63 64 65 66 67 69 71 72 73 75 77 80 84 85 86 92 93 94 259 260 264 266 268 269 270 272 274
 9 67 85 90 92 267 271 272 273 274
 20 68 69 70 72 75 148 153 191 193 195 198 199 262 264 265 266 275 279 280 281
 16 70 71 72 73 74 75 189 191 247 250 253 275 276 277 278 279
 24 73 74 75 76 80 83 84 103 104 105 243 244 249 253 259 264 275 277 280 285 287 288 289 290
 20 77 78 79 80 81 82 83 84 91 93 94 99 103 105 108 110 292 293 295 297
 16 84 94 103 244 259 268 270 286 287 289 291 292 294 295 296 298
 24 85 86 87 88 89 90 197 233 234 254 256 260 261 263 267 269 272 282 283 284 301 302 303 306
 12 89 90 234 236 237 267 271 301 303 304 305 307
 10 271 273 304 307 308 310 311 312 313 314
 18 91 92 93 94 108 270 273 274 292 293 294 308 309 313 315 316 317 318
 14 96 98 100 102 111 114 241 242 320 321 322 323 324 325
 10 95 96 106 107 111 112 321 323 326 327
 26 97 98 99 100 101 102 103 104 105 109 110 113 114 242 243 244 295 296 297 299 322 325 330 331 332 333
 10 106 107 112 116 117 326 327 338 339 340
 10 107 246 320 323 327 328 340 342 343 344
 17 108 109 110 113 115 118 119 293 297 299 300 315 317 319 349 350 351
 24 111 112 113 114 115 117 118 119 299 300 321 322 326 332 333 335 337 338 339 341 358 359 360 361
 20 118 300 319 335 336 337 341 345 346 347 348 349 351 352 353 355 356 357 359 361
 8 115 116 117 119 339 354 358 360
 8 118 119 351 353 354 356 360 361
 7 236 305 307 311 362 363 364
 11 125 126 135 137 238 365 366 367 368 369 371
 22 120 121 122 123 124 127 128 133 134 136 200 201 203 204 209 210 215 220 372 374 376 378
 18 125 126 127 135 136 215 219 232 238 239 365 370 371 372 373 375 377 378
 15 128 130 131 134 200 203 204 205 379 380 382 384 385 386 387
 13 129 131 138 140 141 143 383 386 387 388 389 390 391
 8 129 138 141 142 390 391 392 393
 28 130 131 132 133 134 135 136 137 139 140 203 369 371 376 377 378 380 381 383 384 387 394 395 396 399 401 402 403
 14 137 138 139 140 368 369 383 390 392 397 398 400 401 403
 8 141 142 143 389 391 393 414 415
 12 366 368 397 400 404 405 407 408 417 418 419 420
 10 142 392 393 397 398 415 416 418 419 421
 12 202 205 379 382 410 411 412 413 422 423 424 425
 12 379 385 386 388 423 424 426 428 430 433 434 435
 7 143 388 389 414 428 429 435
 13 144 163 167 168 177 180 182 436 437 439 440 442 443
 18 144 145 155 158 160 163 166 168 170 171 438 442 443 444 447 448 449 450
 28 146 147 148 149 150 151 152 153 154 159 164 165 184 192 195 196 198 199 224 227 228 230 452 453 455 456 458 459
 20 155 156 157 158 159 160 162 164 166 224 231 438 446 447 448 451 453 454 456 457
 18 160 161 162 163 164 165 177 178 184 185 436 438 441 443 452 453 454 460
 13 166 221 222 231 444 445 446 447 461 462 463 464 466
 8 461 464 465 467 468 469 470 471
 16 167 168 169 170 171 181 182 439 442 449 450 479 482 485 486 487
 10 171 444 445 450 477 478 479 480 484 487
 16 169 170 171 172 179 181 183 483 484 486 487 495 496 498 499 506
 13 477 483 484 488 490 491 492 497 499 501 504 505 506
 9 173 174 175 493 498 499 500 501 502
 7 172 173 179 494 495 498 502
 9 173 174 176 493 494 502 503 507 508
 8 174 175 176 493 500 503 511 512
 8 175 497 500 501 509 511 513 514
 10 488 489 497 504 509 510 513 514 515 516
 7 176 503 508 512 521 522 523
 10 177 178 185 187 436 440 441 529 530 531
 16 179 180 183 437 440 494 495 496 507 525 526 527 528 530 533 534
 7 186 187 188 529 539 540 541
 10 240 241 245 246 320 324 328 329 544 545
 8 247 248 250 251 547 548 550 551
 22 180 181 182 183 437 439 483 485 486 490 496 505 506 519 520 524 526 527 553 554 555 556
 19 186 189 194 247 276 278 536 540 541 546 548 549 550 552 560 562 563 564 565
 26 184 185 186 187 188 190 192 194 441 452 458 460 529 531 538 539 541 559 561 562 565 567 568 569 570 572
 6 407 417 418 573 574 575
 24 189 190 191 192 193 194 195 199 262 276 279 281 458 459 560 562 568 570 571 579 580 582 584 585
 22 196 197 198 199 227 255 256 261 262 263 265 455 459 473 476 566 571 580 581 582 583 586
 13 200 201 202 204 205 206 209 216 220 589 590 591 598
 13 216 221 229 463 464 467 468 587 589 590 592 593 594
 11 202 411 413 467 471 472 590 591 594 595 596
 20 202 203 204 205 220 374 376 380 381 382 410 413 591 595 597 598 599 601 602 603
 34 206 207 208 209 210 211 212 213 214 215 216 217 218 219 220 223 226 229 232 235 257 258 372 374 375 589 592 597 598 604 606 608 609 610
 30 221 222 223 224 225 226 227 228 229 230 231 255 258 446 455 456 457 463 466 473 474 475 476 587 588 592 604 605 607 608
 30 232 233 234 235 236 237 239 254 257 282 303 305 306 362 363 370 373 375 609 610 612 613 614 615 616 618 621 623 624 625
 12 236 237 238 239 362 365 367 370 618 619 621 622
 10 366 367 405 408 409 619 620 622 626 627
 12 240 245 248 251 252 544 629 630 631 632 633 634
 26 240 241 242 243 244 245 249 252 289 290 296 298 324 325 329 330 331 334 630 633 635 636 637 638 639 641
 20 245 246 328 329 342 343 544 545 629 630 637 640 641 644 645 647 648 649 650 651
 6 246 343 545 646 648 650
 10 248 547 551 632 634 654 656 657 658 659
 24 247 248 249 250 251 252 253 277 278 288 290 547 548 549 633 634 635 654 658 660 662 663 664 665
 24 254 255 256 257 258 263 282 283 476 581 583 607 608 610 612 616 667 668 669 673 674 675 676 677
 28 259 260 261 262 263 264 265 266 268 269 280 281 283 284 285 286 287 580 583 584 675 676 687 691 692 694 695 696
 26 267 268 269 270 271 272 273 274 284 286 291 294 301 302 304 308 309 310 678 682 683 684 686 687 690 694
 24 275 276 277 278 279 280 281 285 288 549 560 563 579 584 660 661 664 670 671 672 685 689 691 692
 16 282 283 284 302 306 612 613 674 676 680 681 682 683 693 694 695
 28 285 286 287 288 289 290 291 298 334 635 636 639 662 664 670 687 689 690 691 697 698 699 700 701 705 707 709 710
 26 291 292 293 294 295 296 297 298 299 300 309 316 317 319 331 332 334 336 337 684 690 705 706 707 713 714
 24 301 302 303 304 305 306 307 310 311 312 363 364 613 623 624 678 679 680 682 716 717 721 722 723
 20 308 309 310 312 313 314 316 318 678 684 686 706 708 711 714 715 716 717 719 720
 9 311 312 314 364 717 718 719 721 725
 17 313 314 315 318 350 711 719 720 725 728 729 731 732 733 735 736 737
 18 315 316 317 318 319 336 345 348 349 350 706 711 712 713 730 732 733 734
 28 320 321 322 323 324 325 326 327 328 329 330 333 335 338 340 341 342 344 346 347 638 640 641 744 745 748 750 752
 26 330 331 332 333 334 335 336 337 345 347 636 638 699 702 707 709 712 713 738 739 741 745 746 747 748 751
 12 338 339 340 341 344 346 355 358 359 743 750 752
 10 342 343 344 640 650 651 652 742 744 750
 22 345 346 347 348 352 355 357 712 730 734 740 741 743 746 748 752 753 756 757 759 760 761
 13 348 349 350 351 352 353 730 731 732 754 756 757 758
 9 352 353 354 356 357 754 755 757 759
 11 354 355 356 357 358 359 360 361 743 753 759
 16 362 363 364 619 620 621 623 703 718 721 722 724 762 764 765 767
 14 409 576 578 620 626 628 703 704 762 763 766 767 768 769
 12 407 408 409 573 574 576 577 578 771 772 773 774
 13 718 725 726 728 729 762 765 768 776 777 778 779 780
 12 726 727 728 731 735 754 755 758 781 782 783 784
 6 573 770 771 772 775 789
 10 726 727 777 779 786 787 788 790 791 792
 7 727 755 781 783 785 786 792
 26 365 366 367 368 369 370 371 373 377 394 399 400 403 404 405 406 614 618 622 625 627 794 795 796 798 799
 24 372 373 374 375 376 377 378 381 394 396 597 600 602 603 606 609 611 614 615 617 793 794 796 797
 20 379 380 381 382 384 385 395 396 410 423 425 426 599 600 602 800 801 803 804 805
 30 383 384 385 386 387 388 389 390 391 392 393 395 398 401 402 414 415 416 426 428 429 430 431 801 804 806 810 813 815 816
 18 394 395 396 399 402 406 600 796 797 799 802 803 804 807 808 810 812 813
 18 397 398 399 400 401 402 403 404 406 416 419 420 421 810 811 812 814 815
 26 404 405 406 407 408 409 417 420 574 575 576 577 626 627 628 798 799 807 809 811 812 817 818 819 820 821
 11 445 461 462 465 478 480 481 825 826 827 828
 15 477 478 491 492 826 827 829 831 832 833 834 835 836 837 838
 7 489 513 515 839 840 841 842
 9 488 489 492 835 836 839 842 843 844
 11 465 469 470 827 828 830 831 845 846 847 848
 13 411 412 470 471 472 845 847 852 858 862 863 864 866
 12 412 422 424 427 432 434 853 854 858 859 863 867
 28 410 411 412 413 422 425 427 472 595 596 599 601 800 805 850 851 855 856 859 860 861 863 866 871 872 873 874 875
 14 414 415 416 421 429 431 806 814 815 816 876 878 880 881
 12 417 418 419 420 421 575 809 811 814 824 879 880
 24 422 423 424 425 426 427 430 431 432 433 434 800 801 806 872 873 876 877 878 882 884 885 886 887
 16 427 432 853 854 859 867 868 869 870 873 875 883 885 886 888 889
 9 428 429 430 431 433 435 876 882 884
 8 432 433 434 435 854 882 885 889
 12 833 835 838 839 841 843 890 891 892 893 895 896
 7 841 890 891 894 895 897 903
 34 436 437 438 439 440 441 442 443 448 449 451 454 460 482 485 527 528 530 531 537 538 553 554 557 558 559 567 569 904 905 908 909 910 914
 22 444 445 446 447 448 449 450 451 457 462 466 474 475 479 480 481 482 907 910 911 914 915
 20 451 452 453 454 455 456 457 458 459 460 473 474 566 568 569 571 905 910 911 913
 24 461 462 463 464 465 466 468 469 475 481 587 588 593 825 828 830 907 912 915 918 919 920 921 923
 22 467 468 469 470 471 472 593 594 596 830 847 848 850 861 862 865 866 916 918 920 922 924
 24 473 474 475 476 566 581 586 588 605 607 666 667 669 907 911 913 917 921 923 926 927 928 929 930
 28 477 478 479 480 481 482 483 484 485 486 487 490 491 519 554 555 825 826 829 906 909 912 914 915 933 935 936 937
 28 488 489 490 491 492 504 505 510 515 516 517 518 519 520 829 834 836 840 842 844 935 936 938 940 941 942 943 944
 32 493 494 495 496 497 498 499 500 501 502 503 504 505 506 507 508 509 510 511 512 517 520 521 522 524 525 526 945 946 948 949 950
 14 507 508 521 523 525 532 534 535 542 543 945 946 952 954
 14 509 510 511 512 514 516 517 518 522 947 949 950 956 957
 12 513 514 515 516 518 840 940 942 947 951 955 956
 22 517 518 519 520 524 555 556 906 933 936 941 942 947 948 950 951 953 958 959 960 962 963
 11 521 522 523 532 945 949 952 957 967 968 970
 6 523 532 543 967 969 973
 24 524 525 526 527 528 533 534 535 537 553 556 557 558 946 948 953 954 976 980 982 984 985 986 989
 13 536 546 552 964 965 966 971 972 975 977 978 981 987
 14 528 529 530 531 533 536 537 538 539 540 976 977 980 981
 14 532 535 542 543 952 954 967 969 970 974 979 986 988 989
 9 533 534 535 542 976 977 987 988 989
 22 536 537 538 539 540 541 546 558 559 561 564 565 964 975 980 981 984 990 991 992 993 994
 14 542 543 969 972 973 974 978 987 988 995 996 997 999 1000
 14 544 545 629 631 642 643 644 646 647 648 1004 1005 1006 1007
 6 646 1004 1005 1008 1009 1010
 26 546 547 548 549 550 551 552 563 564 654 657 660 661 663 964 965 990 994 1018 1019 1020 1021 1022 1024 1027 1028
 12 550 551 552 657 659 965 966 1021 1023 1024 1025 1026
 15 631 632 642 643 655 656 659 1025 1026 1029 1030 1031 1032 1033 1036
 18 553 554 555 556 557 906 908 909 953 960 963 982 983 985 1038 1040 1043 1045
 18 557 558 559 561 567 572 904 908 984 985 992 993 1039 1040 1041 1042 1045 1046
 26 560 561 562 563 564 565 570 572 579 585 661 671 672 990 993 1017 1018 1020 1039 1042 1044 1047 1048 1049 1050 1051
 22 566 567 568 569 570 571 572 582 585 586 904 905 913 928 929 1037 1041 1042 1048 1051 1052 1053
 11 1014 1015 1016 1029 1033 1035 1054 1055 1056 1058 1059
 13 643 1005 1006 1008 1009 1030 1033 1056 1058 1060 1061 1062 1063
 6 1009 1010 1054 1056 1057 1062
 14 573 574 575 577 772 774 809 818 820 823 824 1064 1065 1066
 20 576 577 578 628 704 763 766 773 774 820 821 822 1064 1065 1067 1068 1069 1073 1074 1075
 11 578 766 769 770 771 773 1067 1070 1071 1074 1076
 26 579 580 581 582 583 584 585 586 667 672 673 675 685 688 692 696 927 928 1050 1051 1052 1077 1078 1079 1080 1081
 30 587 588 589 590 591 592 593 594 595 596 597 598 601 603 604 605 606 611 666 850 851 917 920 922 923 925 1086 1087 1089 1091
 22 599 600 601 602 603 611 617 793 797 802 803 805 851 855 856 857 1084 1085 1087 1088 1089 1090
 18 604 605 606 607 608 609 610 611 615 616 617 666 668 669 1089 1090 1091 1092
 28 612 613 614 615 616 617 624 625 668 674 677 679 680 681 793 794 795 1082 1083 1085 1090 1092 1094 1097 1098 1101 1102 1103
 28 618 619 620 621 622 623 624 625 626 627 628 679 703 704 722 723 724 795 798 817 821 822 1095 1096 1098 1099 1100 1102
 24 629 630 631 632 633 634 635 637 639 642 644 645 655 656 658 662 665 700 701 1108 1111 1112 1113 1116
 24 636 637 638 639 640 641 645 649 651 652 653 699 701 702 742 744 745 747 749 1108 1109 1110 1113 1115
 26 642 643 644 645 647 649 653 655 1006 1007 1030 1032 1061 1063 1104 1105 1108 1114 1115 1116 1117 1118 1119 1120 1121 1122
 12 646 647 648 649 650 651 652 653 1004 1007 1117 1121
 12 652 653 742 749 1012 1109 1115 1121 1122 1123 1124 1125
 24 654 655 656 657 658 659 663 665 1019 1021 1022 1026 1032 1036 1105 1106 1107 1112 1114 1116 1129 1130 1132 1133
 20 660 661 662 663 664 665 670 671 697 700 1017 1019 1020 1111 1112 1126 1127 1129 1131 1133
 22 666 667 668 669 673 677 917 925 926 927 1079 1080 1082 1083 1086 1091 1092 1138 1140 1141 1142 1143
 24 670 671 672 685 688 689 697 698 1017 1047 1050 1077 1078 1126 1127 1128 1134 1135 1136 1137 1145 1146 1147 1148
 22 673 674 675 676 677 681 688 693 695 696 1077 1079 1082 1094 1103 1136 1137 1152 1153 1154 1157 1158
 20 678 679 680 681 682 683 686 693 708 715 716 723 1096 1098 1103 1151 1153 1154 1155 1156
 28 683 684 685 686 687 688 689 690 691 692 693 694 695 696 698 705 708 710 714 1135 1137 1153 1155 1157 1160 1162 1166 1167
 24 697 698 699 700 701 702 709 710 738 739 1110 1111 1113 1126 1131 1134 1135 1160 1161 1163 1164 1165 1166 1168
 18 702 739 747 749 751 1011 1012 1109 1110 1123 1125 1163 1165 1171 1172 1173 1174 1175
 20 703 704 724 763 764 767 822 1069 1075 1099 1100 1169 1170 1178 1179 1180 1181 1182 1183 1184
 28 705 706 707 708 709 710 711 712 713 714 715 720 733 734 736 738 740 741 1155 1156 1160 1161 1162 1187 1188 1189 1190 1191
 36 715 716 717 718 719 720 721 722 723 724 725 729 736 737 764 765 778 780 1096 1100 1151 1156 1177 1179 1181 1184 1185 1186 1188 1191 1194 1195 1199 1200 1201 1202
 18 726 727 728 729 735 737 779 780 783 784 785 786 787 1196 1197 1198 1199 1201
 24 730 731 732 733 734 735 736 737 740 756 758 761 782 784 1187 1188 1195 1198 1199 1203 1204 1205 1207 1211
 24 738 739 740 741 746 751 760 761 1011 1161 1163 1171 1175 1176 1187 1189 1192 1193 1205 1206 1208 1209 1210 1211
 17 742 743 744 745 746 747 748 749 750 751 752 753 760 1011 1012 1206 1210
 14 753 754 755 756 757 758 759 760 761 781 782 1206 1207 1211
 20 762 763 764 765 766 767 768 769 776 778 1074 1075 1076 1183 1184 1185 1217 1218 1220 1222
 13 768 769 776 777 788 1071 1076 1212 1213 1214 1215 1218 1222
 10 770 775 789 1070 1071 1072 1213 1215 1216 1221
 13 770 771 772 773 774 775 1064 1067 1068 1070 1072 1223 1225
 8 775 789 1072 1216 1221 1223 1224 1226
 22 776 777 778 779 780 787 788 790 791 1185 1197 1201 1202 1212 1219 1220 1222 1227 1228 1229 1232 1233
 11 781 782 783 784 785 1196 1198 1203 1207 1230 1231
 10 785 786 787 790 792 1196 1197 1230 1232 1233
 13 788 791 1212 1214 1227 1228 1237 1240 1241 1242 1244 1245 1246
 8 789 1213 1214 1216 1226 1236 1237 1246
 7 790 791 792 1227 1232 1240 1244
 26 793 794 795 796 797 798 799 802 807 808 817 819 857 1084 1085 1095 1097 1102 1247 1248 1249 1253 1257 1258 1259 1260
 22 800 801 802 803 804 805 806 808 813 816 855 857 871 872 877 878 881 1252 1254 1257 1258 1261
 22 807 808 809 810 811 812 813 814 815 816 818 819 823 824 879 880 881 1253 1255 1256 1258 1261
 26 817 818 819 820 821 822 823 1065 1066 1069 1073 1095 1099 1169 1170 1249 1251 1253 1255 1259 1265 1266 1267 1268 1269 1270
 12 823 824 879 1066 1255 1256 1266 1268 1271 1272 1275 1276
 28 825 826 827 828 829 830 831 832 834 837 846 848 849 912 918 919 924 931 934 935 937 938 939 1281 1286 1287 1288 1289
 15 831 832 833 845 846 849 852 896 899 900 1279 1280 1282 1283 1285
 18 832 833 837 838 849 890 892 894 895 896 897 1277 1278 1283 1284 1285 1286 1289
 20 834 835 836 837 838 843 844 892 893 938 943 944 1281 1284 1289 1291 1292 1294 1295 1296
 12 839 840 841 842 843 844 891 893 940 943 1291 1295
 24 845 846 847 848 849 852 862 864 865 900 901 916 924 931 932 1280 1285 1286 1288 1299 1300 1301 1302 1303
 24 850 851 856 860 861 865 916 922 925 932 1086 1087 1088 1093 1138 1139 1143 1144 1297 1298 1302 1303 1304 1306
 16 852 853 858 864 867 868 869 898 899 900 901 902 1307 1308 1309 1310
 8 853 854 869 888 889 1307 1309 1311
 24 855 856 857 860 871 874 1084 1088 1093 1248 1250 1254 1257 1260 1262 1263 1264 1297 1304 1314 1315 1316 1319 1322
 24 858 859 860 861 862 863 864 865 866 867 868 870 874 875 898 901 1297 1300 1302 1312 1313 1314 1316 1317
 14 868 869 870 883 888 898 1309 1310 1311 1312 1313 1318 1320 1321
 24 870 871 872 873 874 875 877 883 886 887 1252 1254 1262 1273 1274 1312 1314 1315 1320 1323 1324 1326 1327 1328
 15 876 877 878 879 880 881 884 887 1252 1256 1261 1272 1274 1327 1328
 14 882 883 884 885 886 887 888 889 1311 1320 1321 1323 1325 1327
 11 890 891 892 893 894 1278 1284 1295 1296 1332 1334
 8 894 897 903 1277 1278 1333 1334 1335
 13 895 896 897 903 1277 1282 1283 1333 1335 1336 1338 1339 1343
 10 899 902 1279 1282 1336 1337 1338 1341 1342 1344
 24 898 899 900 901 902 1279 1280 1300 1301 1308 1310 1313 1317 1318 1329 1330 1331 1340 1342 1344 1345 1346 1347 1348
 10 902 1307 1308 1341 1342 1347 1348 1351 1353 1354
 8 903 1333 1337 1338 1343 1349 1350 1355
 8 1337 1341 1350 1352 1353 1354 1355 1356
 30 904 905 906 907 908 909 910 911 912 913 914 915 919 921 929 930 933 937 939 958 960 1037 1038 1040 1041 1364 1366 1369 1372 1373
 24 916 917 918 919 920 921 922 923 924 925 926 930 931 932 934 939 1140 1143 1144 1363 1368 1372 1373 1374
 20 926 927 928 929 930 1037 1052 1053 1080 1081 1140 1142 1149 1150 1363 1369 1370 1372 1375 1376
 16 931 932 934 1144 1287 1288 1290 1299 1303 1305 1306 1365 1367 1368 1371 1374
 28 933 934 935 936 937 938 939 941 944 958 959 1281 1287 1290 1292 1293 1294 1361 1362 1366 1367 1373 1374 1377 1379 1380 1381 1382
 18 940 941 942 943 944 951 955 959 961 962 1291 1292 1360 1362 1378 1381 1382 1383
 28 945 946 947 948 949 950 951 952 953 954 955 956 957 961 962 963 968 970 979 982 983 986 1001 1002 1384 1385 1391 1392
 11 955 956 957 961 968 1001 1360 1384 1387 1388 1391
 24 958 959 960 961 962 963 983 1038 1043 1360 1364 1366 1378 1380 1382 1386 1387 1390 1391 1392 1393 1394 1395 1396
 20 964 965 966 971 972 975 978 991 994 995 998 1000 1023 1024 1028 1398 1400 1401 1403 1404
 14 966 971 1016 1023 1025 1029 1031 1034 1035 1397 1398 1399 1400 1402
 14 967 968 969 970 973 974 979 996 999 1001 1002 1003 1412 1414
 10 1013 1014 1016 1397 1402 1407 1408 1409 1410 1411
 11 971 972 997 1000 1397 1398 1403 1406 1407 1410 1413
 7 973 997 999 1406 1407 1409 1414
 34 974 975 976 977 978 979 980 981 982 983 984 985 986 987 988 989 991 992 995 996 998 1002 1003 1043 1045 1046 1385 1389 1390 1392 1416 1417 1422 1424
 20 990 991 992 993 994 998 1018 1027 1028 1039 1044 1046 1401 1404 1405 1415 1416 1417 1420 1426
 22 995 996 997 998 999 1000 1003 1389 1403 1404 1406 1412 1413 1414 1416 1418 1422 1426 1428 1429 1430 1431
 11 1001 1002 1003 1384 1385 1388 1389 1412 1427 1428 1431
 7 1013 1409 1411 1432 1433 1434 1435
 11 1004 1005 1006 1007 1008 1060 1061 1117 1118 1437 1439
 8 1008 1009 1010 1057 1060 1062 1437 1438
 10 1010 1015 1054 1055 1057 1436 1438 1442 1443 1444
 9 1013 1014 1015 1434 1435 1440 1441 1442 1443
 10 1011 1012 1123 1174 1175 1176 1208 1210 1450 1451
 30 1013 1014 1015 1016 1034 1035 1055 1059 1399 1402 1408 1411 1432 1433 1434 1436 1440 1443 1444 1454 1455 1456 1457 1458 1461 1463 1464 1465 1468 1469
 26 1017 1018 1019 1020 1022 1027 1044 1047 1049 1107 1127 1128 1129 1130 1357 1358 1359 1405 1415 1419 1420 1423 1460 1462 1466 1470
 22 1021 1022 1023 1024 1025 1026 1027 1028 1031 1034 1036 1106 1107 1399 1400 1401 1405 1459 1460 1462 1465 1469
 18 1029 1030 1031 1032 1033 1034 1035 1036 1058 1059 1063 1104 1105 1106 1459 1464 1467 1469
 30 1037 1038 1039 1040 1041 1042 1043 1044 1045 1046 1048 1049 1053 1358 1364 1369 1370 1390 1393 1396 1415 1417 1421 1423 1424 1425 1471 1473 1476 1477
 22 1047 1048 1049 1050 1051 1052 1053 1078 1081 1128 1145 1147 1149 1357 1358 1370 1375 1471 1472 1474 1475 1476
 26 1054 1055 1056 1057 1058 1059 1060 1061 1062 1063 1104 1118 1119 1436 1437 1438 1439 1464 1467 1468 1478 1479 1482 1484 1486 1487
 13 1064 1065 1066 1068 1073 1225 1267 1268 1275 1453 1488 1490 1491
 36 1067 1068 1069 1070 1071 1072 1073 1074 1075 1076 1170 1180 1182 1183 1215 1217 1218 1221 1223 1224 1225 1267 1270 1445 1446 1447 1448 1452 1453 1489 1490 1491 1494 1495 1496 1498
 24 1077 1078 1079 1080 1081 1082 1083 1094 1101 1136 1141 1142 1145 1146 1149 1150 1152 1158 1159 1506 1507 1510 1512 1513
 24 1083 1084 1085 1086 1087 1088 1089 1090 1091 1092 1093 1097 1101 1138 1139 1141 1247 1248 1250 1504 1505 1506 1512 1515
 16 1093 1139 1250 1263 1298 1304 1319 1322 1499 1500 1501 1502 1504 1508 1514 1515
 28 1094 1095 1096 1097 1098 1099 1100 1101 1102 1103 1151 1152 1154 1169 1177 1178 1179 1247 1249 1251 1505 1506 1509 1510 1516 1519 1520 1521
 22 1104 1105 1106 1107 1114 1119 1120 1130 1132 1359 1459 1460 1467 1470 1483 1484 1487 1525 1526 1528 1530 1531
 30 1108 1109 1110 1111 1112 1113 1114 1115 1116 1120 1122 1124 1125 1131 1132 1133 1165 1168 1172 1173 1483 1525 1527 1528 1532 1534 1536 1539 1540 1541
 17 1117 1118 1119 1120 1121 1122 1124 1439 1478 1481 1483 1486 1487 1532 1533 1534 1537
 11 1123 1124 1125 1172 1174 1451 1533 1534 1535 1538 1539
 26 1126 1127 1128 1129 1130 1131 1132 1133 1134 1147 1148 1164 1168 1357 1359 1472 1475 1525 1527 1529 1531 1542 1546 1547 1551 1552
 16 1134 1135 1136 1137 1146 1148 1157 1158 1159 1164 1166 1167 1549 1550 1551 1552
 26 1138 1139 1140 1141 1142 1143 1144 1150 1298 1306 1363 1368 1371 1376 1502 1507 1512 1514 1515 1523 1524 1554 1556 1558 1560 1561
 26 1145 1146 1147 1148 1149 1150 1159 1375 1376 1474 1475 1507 1513 1517 1522 1523 1542 1544 1545 1548 1549 1552 1554 1557 1558 1559
 28 1151 1152 1153 1154 1155 1156 1157 1158 1159 1162 1167 1177 1186 1190 1191 1510 1513 1516 1517 1520 1544 1549 1550 1566 1570 1571 1572 1573
 26 1160 1161 1162 1163 1164 1165 1166 1167 1168 1171 1173 1189 1190 1192 1527 1536 1540 1543 1547 1550 1551 1566 1567 1568 1569 1571
 20 1169 1170 1178 1180 1251 1269 1270 1447 1493 1494 1495 1503 1509 1518 1519 1521 1575 1576 1578 1579
 24 1171 1172 1173 1174 1175 1176 1192 1193 1450 1451 1538 1539 1540 1568 1569 1580 1581 1582 1584 1587 1588 1589 1590 1591
 8 1176 1193 1208 1209 1450 1586 1588 1590
 24 1177 1178 1179 1180 1181 1182 1186 1194 1445 1447 1516 1519 1570 1573 1574 1575 1576 1583 1585 1593 1594 1595 1596 1599
 20 1181 1182 1183 1184 1185 1194 1200 1202 1217 1219 1220 1235 1445 1448 1449 1592 1593 1594 1597 1598
 30 1186 1187 1188 1189 1190 1191 1192 1193 1194 1195 1200 1204 1205 1209 1569 1570 1571 1584 1585 1586 1590 1591 1592 1594 1599 1600 1601 1605 1606 1607
 24 1195 1196 1197 1198 1199 1200 1201 1202 1203 1204 1219 1229 1230 1231 1233 1234 1235 1592 1597 1601 1602 1603 1604 1605
 14 1203 1204 1205 1206 1207 1208 1209 1210 1211 1231 1586 1600 1601 1603
 34 1212 1213 1214 1215 1216 1217 1218 1219 1220 1221 1222 1224 1226 1228 1229 1234 1235 1236 1237 1238 1239 1241 1242 1243 1446 1448 1449 1608 1610 1612 1613 1615 1616 1617
 11 1223 1224 1225 1226 1236 1446 1452 1453 1613 1614 1615
 17 1227 1228 1229 1230 1231 1232 1233 1234 1238 1240 1242 1243 1603 1604 1621 1622 1623
 16 1234 1235 1238 1449 1597 1598 1602 1604 1608 1609 1610 1611 1618 1620 1621 1623
 11 1236 1237 1239 1241 1245 1246 1615 1616 1626 1628 1630
 14 1238 1239 1243 1608 1616 1617 1618 1619 1622 1623 1627 1628 1629 1630
 11 1239 1240 1241 1242 1243 1244 1245 1622 1626 1627 1628
 4 1244 1245 1246 1626
 24 1247 1248 1249 1250 1251 1259 1260 1263 1264 1265 1269 1493 1500 1503 1504 1505 1508 1509 1511 1631 1633 1634 1635 1637
 22 1252 1253 1254 1255 1256 1257 1258 1259 1260 1261 1262 1264 1265 1266 1271 1272 1273 1274 1631 1635 1636 1639
 16 1262 1263 1264 1273 1315 1322 1324 1326 1500 1501 1631 1632 1637 1638 1639 1640
 22 1265 1266 1267 1268 1269 1270 1271 1275 1276 1488 1490 1493 1495 1496 1634 1635 1636 1644 1645 1646 1647 1648
 13 1271 1272 1273 1274 1276 1326 1328 1636 1639 1640 1647 1648 1649
 5 1275 1276 1488 1646 1647
 36 1277 1278 1279 1280 1281 1282 1283 1284 1285 1286 1287 1288 1289 1290 1293 1294 1296 1299 1301 1305 1331 1332 1334 1335 1336 1339 1340 1344 1651 1652 1655 1656 1657 1659 1660 1661
 22 1290 1293 1305 1361 1365 1367 1377 1379 1553 1555 1562 1563 1564 1565 1650 1652 1654 1656 1657 1658 1662 1663
 13 1291 1292 1293 1294 1295 1296 1332 1361 1362 1563 1655 1656 1658
 32 1297 1298 1299 1300 1301 1302 1303 1304 1305 1306 1316 1317 1319 1330 1331 1365 1371 1499 1502 1553 1560 1561 1641 1643 1650 1651 1652 1653 1664 1665 1666 1667
 14 1307 1308 1309 1310 1311 1318 1321 1325 1329 1346 1347 1668 1670 1671
 32 1312 1313 1314 1315 1316 1317 1318 1319 1320 1321 1322 1323 1324 1325 1329 1330 1499 1501 1632 1638 1642 1643 1665 1667 1669 1670 1671 1672 1673 1674 1675 1677
 13 1323 1324 1325 1326 1327 1328 1638 1640 1649 1670 1675 1676 1677
 20 1329 1330 1331 1340 1345 1346 1651 1660 1661 1664 1667 1668 1669 1671 1678 1679 1680 1681 1682 1683
 11 1332 1333 1334 1335 1339 1343 1349 1655 1659 1684 1685
 30 1336 1337 1338 1339 1340 1341 1342 1343 1344 1345 1348 1349 1350 1351 1352 1353 1659 1660 1678 1683 1684 1685 1686 1688 1689 1690 1692 1693 1694 1695
 12 1345 1346 1347 1348 1351 1668 1678 1681 1687 1689 1693 1694
 9 1349 1350 1352 1355 1356 1684 1691 1692 1695
 8 1351 1352 1353 1354 1356 1691 1693 1695
 4 1354 1355 1356 1691
 20 1357 1358 1359 1419 1423 1425 1466 1470 1472 1476 1477 1529 1530 1531 1697 1698 1700 1701 1702 1703
 10 1360 1378 1383 1386 1387 1388 1427 1704 1706 1707
 9 1361 1362 1377 1381 1383 1563 1564 1704 1705
 30 1363 1364 1365 1366 1367 1368 1369 1370 1371 1372 1373 1374 1375 1376 1379 1380 1394 1396 1471 1473 1474 1553 1554 1555 1557 1560 1710 1711 1712 1714
 26 1377 1378 1379 1380 1381 1382 1383 1386 1394 1395 1555 1562 1564 1565 1704 1705 1707 1708 1712 1713 1714 1715 1717 1721 1722 1723
 24 1384 1385 1386 1387 1388 1389 1390 1391 1392 1393 1395 1421 1422 1424 1427 1429 1431 1706 1707 1716 1717 1718 1722 1724
 18 1393 1394 1395 1396 1421 1425 1473 1477 1702 1703 1709 1711 1712 1717 1718 1719 1720 1721
 28 1397 1398 1399 1400 1401 1402 1403 1404 1405 1408 1410 1413 1418 1419 1420 1426 1457 1462 1463 1465 1466 1699 1700 1701 1727 1728 1729 1730
 19 1406 1407 1408 1409 1410 1411 1412 1413 1414 1418 1428 1430 1432 1457 1458 1725 1726 1729 1730
 26 1415 1416 1417 1418 1419 1420 1421 1422 1423 1424 1425 1426 1429 1430 1701 1702 1718 1720 1724 1726 1728 1730 1731 1732 1734 1735
 12 1427 1428 1429 1430 1431 1706 1716 1724 1726 1732 1733 1735
 8 1432 1433 1455 1458 1725 1737 1739 1741
 10 1433 1434 1435 1440 1441 1454 1455 1738 1739 1740
 4 1435 1441 1442 1740
 13 1436 1437 1438 1439 1444 1456 1461 1468 1478 1479 1480 1743 1744
 11 1440 1441 1442 1443 1444 1454 1456 1738 1740 1744 1745
 30 1445 1446 1447 1448 1449 1452 1489 1492 1494 1497 1498 1576 1577 1578 1593 1596 1598 1609 1610 1612 1613 1614 1624 1625 1748 1749 1750 1751 1752 1753
 10 1450 1451 1535 1538 1581 1588 1589 1758 1759 1760
 12 1452 1453 1489 1491 1492 1614 1624 1749 1750 1767 1768 1769
 30 1454 1455 1456 1457 1458 1461 1463 1480 1485 1699 1725 1727 1729 1736 1737 1738 1739 1741 1742 1743 1744 1745 1746 1747 1771 1772 1774 1776 1777 1778
 26 1459 1460 1461 1462 1463 1464 1465 1466 1467 1468 1469 1470 1479 1480 1482 1484 1485 1526 1530 1698 1699 1700 1770 1771 1775 1778
 24 1471 1472 1473 1474 1475 1476 1477 1529 1542 1545 1546 1557 1559 1697 1703 1709 1710 1711 1779 1780 1781 1782 1783 1786
 12 1478 1479 1480 1481 1482 1485 1486 1736 1743 1747 1787 1790
 10 1481 1533 1535 1537 1755 1757 1758 1787 1788 1789
 26 1481 1482 1483 1484 1485 1486 1487 1526 1528 1532 1537 1541 1736 1754 1755 1775 1777 1778 1787 1789 1790 1791 1792 1793 1794 1795
 15 1488 1489 1490 1491 1492 1496 1497 1498 1645 1646 1767 1798 1800 1801 1802
 12 1492 1497 1577 1748 1749 1767 1768 1799 1800 1802 1803 1804
 26 1493 1494 1495 1496 1497 1498 1503 1511 1518 1577 1578 1579 1633 1634 1644 1645 1797 1800 1801 1804 1805 1806 1809 1813 1816 1817
 26 1499 1500 1501 1502 1508 1511 1514 1524 1556 1561 1632 1633 1637 1641 1642 1643 1762 1763 1765 1766 1805 1807 1808 1811 1812 1816
 24 1503 1504 1505 1506 1507 1508 1509 1510 1511 1512 1513 1514 1515 1517 1518 1520 1521 1522 1523 1524 1809 1811 1815 1816
 22 1516 1517 1518 1519 1520 1521 1522 1544 1548 1572 1573 1574 1575 1579 1809 1814 1815 1817 1818 1819 1820 1823
 20 1522 1523 1524 1545 1548 1556 1558 1559 1762 1783 1785 1786 1808 1811 1815 1818 1820 1821 1822 1824
 28 1525 1526 1527 1528 1529 1530 1531 1536 1541 1543 1546 1547 1697 1698 1754 1770 1775 1779 1780 1784 1793 1794 1796 1825 1828 1830 1832 1835
 26 1532 1533 1534 1535 1536 1537 1538 1539 1540 1541 1543 1567 1568 1580 1581 1754 1755 1756 1757 1758 1760 1826 1828 1832 1833 1834
 24 1542 1543 1544 1545 1546 1547 1548 1549 1550 1551 1552 1566 1567 1572 1779 1783 1820 1823 1824 1825 1827 1828 1829 1833
 28 1553 1554 1555 1556 1557 1558 1559 1560 1561 1562 1641 1650 1653 1654 1710 1713 1714 1761 1762 1763 1764 1782 1785 1786 1844 1845 1846 1848
 20 1562 1565 1654 1662 1663 1708 1713 1715 1764 1841 1842 1844 1846 1847 1850 1851 1852 1853 1854 1855
 9 1563 1564 1565 1658 1663 1705 1708 1852 1853
 26 1566 1567 1568 1569 1570 1571 1572 1573 1574 1580 1582 1583 1584 1585 1814 1819 1823 1827 1831 1833 1834 1858 1860 1861 1862 1864
 22 1574 1575 1576 1577 1578 1579 1583 1595 1596 1748 1752 1799 1804 1813 1814 1817 1856 1857 1858 1859 1861 1863
 16 1580 1581 1582 1587 1589 1756 1759 1760 1826 1831 1834 1865 1866 1867 1869 1870
 22 1582 1583 1584 1585 1587 1591 1595 1599 1606 1607 1831 1856 1858 1862 1865 1867 1868 1871 1872 1873 1874 1875
 13 1586 1587 1588 1589 1590 1591 1600 1606 1759 1865 1866 1871 1875
 24 1592 1593 1594 1595 1596 1597 1598 1599 1602 1605 1607 1609 1611 1751 1752 1856 1863 1873 1874 1876 1877 1878 1879 1882
 16 1600 1601 1602 1603 1604 1605 1606 1607 1611 1620 1621 1873 1875 1877 1881 1882
 20 1608 1609 1610 1611 1612 1617 1618 1619 1620 1625 1751 1753 1879 1880 1881 1882 1887 1889 1890 1891
 14 1612 1613 1614 1615 1616 1617 1619 1624 1625 1629 1630 1886 1890 1891
 12 1618 1619 1620 1621 1622 1623 1627 1629 1881 1886 1887 1891
 11 1624 1625 1750 1753 1769 1880 1883 1884 1888 1889 1890
 6 1626 1627 1628 1629 1630 1886
 28 1631 1632 1633 1634 1635 1636 1637 1638 1639 1640 1642 1644 1648 1649 1674 1676 1677 1765 1797 1805 1806 1807 1810 1892 1893 1895 1898 1899
 20 1641 1642 1643 1653 1665 1666 1673 1674 1761 1763 1765 1766 1838 1839 1840 1894 1896 1898 1899 1900
 13 1644 1645 1646 1647 1648 1649 1676 1797 1798 1801 1892 1895 1897
 24 1650 1651 1652 1653 1654 1657 1661 1662 1664 1666 1680 1682 1761 1764 1838 1839 1841 1850 1855 1901 1902 1904 1906 1907
 20 1655 1656 1657 1658 1659 1660 1661 1662 1663 1682 1683 1685 1686 1696 1850 1852 1901 1903 1905 1906
 20 1664 1665 1666 1667 1669 1672 1673 1679 1680 1838 1894 1900 1902 1904 1908 1909 1910 1911 1913 1914
 12 1668 1669 1670 1671 1672 1675 1679 1681 1687 1909 1911 1912
 11 1672 1673 1674 1675 1676 1677 1895 1898 1900 1911 1914
 22 1678 1679 1680 1681 1682 1683 1686 1687 1688 1689 1696 1901 1902 1903 1909 1912 1913 1916 1917 1918 1919 1920
 10 1684 1685 1686 1688 1690 1692 1696 1915 1916 1917
 9 1687 1688 1689 1690 1694 1912 1915 1916 1919
 7 1690 1691 1692 1693 1694 1695 1915
 7 1696 1903 1905 1917 1918 1921 1922
 26 1697 1698 1699 1700 1701 1702 1703 1709 1719 1720 1727 1728 1731 1734 1770 1771 1773 1776 1780 1781 1784 1925 1926 1928 1929 1930
 17 1704 1705 1706 1707 1708 1715 1716 1722 1723 1733 1842 1853 1854 1923 1927 1931 1932
 20 1709 1710 1711 1712 1713 1714 1715 1719 1721 1723 1781 1782 1842 1844 1845 1923 1924 1928 1930 1932
 16 1716 1717 1718 1719 1720 1721 1722 1723 1724 1733 1734 1735 1929 1930 1931 1932
 14 1725 1726 1727 1728 1729 1730 1731 1732 1737 1773 1774 1776 1936 1937
 11 1731 1732 1733 1734 1735 1773 1926 1929 1931 1937 1938
 11 1736 1746 1747 1772 1777 1790 1791 1940 1942 1943 1945
 11 1737 1741 1742 1746 1772 1774 1936 1941 1942 1944 1945
 7 1738 1739 1740 1741 1742 1745 1941
 8 1742 1743 1744 1745 1746 1747 1941 1945
 24 1748 1749 1750 1751 1752 1753 1768 1769 1799 1803 1857 1863 1876 1878 1879 1880 1883 1884 1885 1947 1948 1949 1950 1951
 18 1754 1755 1756 1757 1788 1789 1792 1793 1826 1832 1835 1869 1870 1952 1953 1954 1955 1956
 10 1756 1757 1758 1759 1760 1788 1866 1869 1952 1953
 24 1761 1762 1763 1764 1766 1785 1808 1812 1821 1822 1836 1839 1840 1841 1843 1846 1847 1848 1849 1959 1960 1961 1962 1963
 14 1765 1766 1807 1810 1812 1840 1893 1896 1899 1957 1958 1959 1961 1964
 11 1767 1768 1769 1798 1802 1803 1884 1885 1897 1965 1966
 32 1770 1771 1772 1773 1774 1775 1776 1777 1778 1784 1791 1794 1795 1796 1925 1926 1934 1936 1937 1938 1939 1940 1942 1943 1944 1946 1970 1971 1972 1974 1977 1979
 30 1779 1780 1781 1782 1783 1784 1785 1786 1796 1821 1824 1825 1829 1830 1836 1837 1845 1848 1849 1924 1925 1928 1933 1934 1935 1969 1971 1972 1973 1975
 14 1787 1788 1789 1790 1791 1792 1795 1940 1952 1956 1977 1978 1979 1980
 14 1792 1793 1794 1795 1796 1830 1835 1955 1956 1971 1975 1976 1979 1980
 30 1797 1798 1799 1800 1801 1802 1803 1804 1806 1810 1813 1857 1859 1885 1892 1893 1897 1950 1951 1958 1964 1965 1966 1967 1968 1985 1986 1987 1990 1991
 26 1805 1806 1807 1808 1809 1810 1811 1812 1813 1814 1815 1816 1817 1818 1819 1822 1859 1861 1864 1959 1962 1964 1983 1984 1985 1991
 20 1818 1819 1820 1821 1822 1823 1824 1827 1829 1836 1837 1860 1864 1960 1962 1981 1982 1983 1984 1988
 30 1825 1826 1827 1828 1829 1830 1831 1832 1833 1834 1835 1837 1860 1862 1867 1868 1870 1954 1955 1973 1975 1976 1982 1988 1989 1992 1993 1994 1996 1997
 18 1836 1837 1843 1849 1933 1960 1963 1969 1973 1981 1988 1989 2001 2002 2003 2004 2005 2006
 28 1838 1839 1840 1841 1843 1847 1851 1855 1894 1896 1904 1907 1908 1910 1957 1961 1963 1998 1999 2000 2002 2006 2007 2008 2010 2012 2014 2016
 22 1842 1843 1844 1845 1846 1847 1848 1849 1851 1854 1923 1924 1927 1933 1935 2002 2003 2008 2011 2012 2015 2017
 15 1850 1851 1852 1853 1854 1855 1905 1906 1907 1921 1927 2009 2010 2011 2012
 26 1856 1857 1858 1859 1860 1861 1862 1863 1864 1868 1872 1874 1876 1949 1950 1982 1984 1987 1991 1992 1993 1995 2018 2019 2022 2023
 15 1865 1866 1867 1868 1869 1870 1871 1872 1953 1954 1993 1994 2018 2019 2020
 13 1871 1872 1873 1874 1875 1876 1877 1878 1948 1949 2019 2021 2022
 16 1877 1878 1879 1880 1881 1882 1883 1887 1888 1889 1947 1948 2021 2027 2028 2029
 12 1883 1884 1885 1888 1947 1951 1966 1967 2024 2026 2027 2029
 7 1886 1887 1888 1889 1890 1891 2027
 20 1892 1893 1894 1895 1896 1897 1898 1899 1900 1908 1914 1957 1958 1965 1968 1999 2000 2030 2031 2032
 22 1901 1902 1903 1904 1905 1906 1907 1910 1913 1918 1920 1921 1922 1998 2009 2010 2013 2016 2034 2035 2038 2040
 15 1908 1909 1910 1911 1912 1913 1914 1919 1920 1998 2000 2031 2034 2039 2040
 9 1915 1916 1917 1918 1919 1920 1922 2034 2035
 8 1921 1922 2009 2013 2033 2035 2036 2038
 18 1923 1924 1925 1926 1927 1928 1929 1930 1931 1932 1934 1935 1938 1939 2011 2017 2043 2045
 16 1933 1934 1935 1939 1969 1972 1974 2003 2004 2015 2017 2041 2042 2043 2044 2045
 13 1936 1937 1938 1939 1944 1946 1970 1974 2043 2044 2048 2049 2050
 10 1940 1943 1946 1970 1977 1978 2046 2049 2050 2052
 7 1941 1942 1943 1944 1945 1946 2049
 22 1947 1948 1949 1950 1951 1967 1986 1987 1995 2021 2022 2023 2024 2025 2026 2028 2029 2054 2055 2056 2057 2058
 15 1952 1953 1954 1955 1956 1976 1978 1980 1994 1997 2020 2046 2047 2060 2061
 24 1957 1958 1959 1960 1961 1962 1963 1964 1968 1981 1983 1985 1990 1999 2005 2006 2007 2030 2032 2063 2064 2068 2069 2070
 16 1965 1966 1967 1968 1986 1990 2024 2032 2053 2057 2058 2062 2063 2066 2067 2069
 30 1969 1970 1971 1972 1973 1974 1975 1976 1977 1978 1979 1980 1989 1996 1997 2001 2004 2041 2044 2046 2047 2048 2050 2051 2052 2072 2074 2075 2077 2080
 26 1981 1982 1983 1984 1985 1986 1987 1988 1989 1990 1991 1992 1995 1996 2001 2005 2054 2058 2063 2064 2067 2071 2072 2073 2075 2078
 20 1992 1993 1994 1995 1996 1997 2018 2020 2023 2047 2054 2056 2059 2060 2061 2071 2072 2076 2079 2080
 22 1998 1999 2000 2007 2013 2014 2016 2030 2031 2033 2036 2037 2038 2039 2040 2065 2068 2070 2082 2085 2086 2087
 22 2001 2002 2003 2004 2005 2006 2007 2008 2014 2015 2041 2042 2064 2070 2075 2077 2078 2081 2083 2084 2086 2087
 16 2008 2009 2010 2011 2012 2013 2014 2015 2016 2017 2033 2042 2045 2084 2085 2086
 15 2018 2019 2020 2021 2022 2023 2025 2028 2055 2056 2059 2060 2088 2089 2091
 9 2024 2025 2026 2053 2055 2057 2088 2089 2090
 6 2025 2026 2027 2028 2029 2088
 12 2030 2031 2032 2037 2039 2062 2065 2068 2069 2092 2093 2094
 9 2033 2036 2037 2065 2082 2085 2092 2093 2095
 8 2034 2035 2036 2037 2038 2039 2040 2092
 8 2053 2062 2066 2090 2094 2096 2097 2098
 14 2041 2042 2043 2044 2045 2048 2051 2074 2077 2081 2084 2101 2102 2103
 11 2046 2047 2051 2052 2061 2074 2079 2080 2100 2101 2102
 6 2048 2049 2050 2051 2052 2101
 22 2053 2054 2055 2056 2057 2058 2059 2066 2067 2071 2073 2076 2089 2090 2091 2097 2098 2099 2104 2106 2107 2108
 10 2059 2060 2061 2076 2079 2091 2100 2104 2105 2106
 24 2062 2063 2064 2065 2066 2067 2068 2069 2070 2073 2078 2082 2083 2087 2093 2094 2095 2096 2098 2099 2110 2111 2112 2115
 24 2071 2072 2073 2074 2075 2076 2077 2078 2079 2080 2081 2083 2099 2100 2102 2103 2105 2106 2107 2109 2111 2112 2113 2114
 12 2081 2082 2083 2084 2085 2086 2087 2095 2103 2109 2112 2115
 8 2088 2089 2090 2091 2097 2104 2108 2119
 8 2092 2093 2094 2095 2096 2110 2115 2117
 12 2096 2097 2098 2099 2107 2108 2110 2111 2114 2116 2117 2119
 8 2100 2101 2102 2103 2105 2109 2113 2118
 10 2104 2105 2106 2107 2108 2113 2114 2116 2118 2119
 10 2109 2110 2111 2112 2113 2114 2115 2116 2117 2118
 4 2116 2117 2118 2119
