 456
 1343 1 2 3
 1344 1 2 3
 3936 1 2 3
 3937 1 2 3
 3944 1 2 3
 3946 1 3 4
 3947 1 3 4
 3952 1 3 4
 3953 1 3 4
 3954 1 3 4
 3955 1 3 4
 3956 1 3 4
 3961 1 3 4
 3962 1 2 3
 3969 1 2 3
 3972 1 3 4
 3975 1 3 4
 3982 1 3 4
 3990 1 2 3
 4012 1 2 3
 4022 1 2 3
 4024 1 3 4
 4041 1 2 3
 4042 1 3 4
 4044 1 3 4
 4045 1 2 3
 4046 1 2 3
 4047 1 2 3
 4049 1 3 4
 4056 1 2 3
 4057 1 3 4
 4062 1 3 4
 4063 1 2 3
 4064 1 2 3
 4065 1 3 4
 4072 1 2 3
 4073 1 3 4
 4074 1 3 4
 4077 1 2 3
 4085 1 2 3
 4086 1 3 4
 4087 1 3 4
 4092 1 2 3
 4093 1 3 4
 4095 1 3 4
 4096 1 3 4
 4097 1 2 3
 4098 1 2 3
 4099 1 2 3
 4100 1 2 3
 4101 1 3 4
 4105 1 3 4
 4107 1 3 4
 4111 1 3 4
 4112 1 2 3
 4113 1 3 4
 4125 1 3 4
 4129 1 2 3
 4130 1 3 4
 4131 1 3 4
 4132 1 3 4
 4145 1 2 3
 4146 1 2 3
 4148 1 2 3
 4153 1 3 4
 4167 1 2 3
 4172 1 2 3
 4179 1 3 4
 4180 1 3 4
 4184 1 3 4
 4185 1 2 3
 4187 1 2 3
 4188 1 3 4
 4196 1 2 3
 4202 1 3 4
 4207 1 2 3
 4209 1 3 4
 4212 1 2 3
 4214 1 3 4
 4223 1 3 4
 4237 1 3 4
 4238 1 2 3
 4239 1 2 3
 4243 1 3 4
 4244 1 2 3
 4251 1 3 4
 4252 1 2 3
 4256 1 3 4
 4262 1 2 3
 4264 1 3 4
 4293 1 2 3
 4345 1 3 4
 4346 1 2 3
 4384 1 2 3
 4411 1 2 3
 4412 1 2 3
 4422 1 3 4
 4427 1 3 4
 4428 1 3 4
 4429 1 2 3
 4430 1 2 3
 4444 1 2 3
 4450 1 2 3
 4451 1 3 4
 4452 1 2 3
 4454 1 3 4
 4458 1 2 3
 4475 1 3 4
 4478 1 2 3
 4509 1 2 3
 4514 1 2 3
 4515 1 3 4
 4524 1 2 3
 4525 1 3 4
 4528 1 2 3
 4530 1 2 3
 4531 1 3 4
 4536 1 3 4
 4541 1 2 3
 4548 1 3 4
 4554 1 3 4
 4559 1 2 3
 4567 1 2 3
 4568 1 2 3
 4578 1 3 4
 4583 1 2 3
 4586 1 3 4
 4588 1 3 4
 4589 1 2 3
 4594 1 3 4
 4603 1 3 4
 4604 1 2 3
 4607 1 3 4
 4611 1 2 3
 4617 1 3 4
 4620 1 2 3
 4655 1 3 4
 8353 1 2 3
 8372 1 2 3
 8382 1 2 3
 8383 1 3 4
 8394 1 3 4
 8440 1 2 3
 8443 1 3 4
 8451 1 3 4
 8453 1 2 3
 8458 1 3 4
 8459 1 2 3
 8468 1 2 3
 8473 1 3 4
 8476 1 3 4
 8477 1 2 3
 8482 1 3 4
 8485 1 2 3
 8488 1 2 3
 8489 1 3 4
 8501 1 2 3
 8512 1 3 4
 8518 1 2 3
 8522 1 3 4
 8525 1 2 3
 8526 1 2 3
 8531 1 3 4
 8578 1 3 4
 8579 1 2 3
 8586 1 3 4
 8587 1 2 3
 8682 1 2 3
 8733 1 2 3
 8737 1 2 3
 8738 1 2 3
 8740 1 3 4
 8741 1 2 3
 8742 2 3 4
 8743 1 2 3
 8746 1 3 4
 8825 1 2 3
 8852 1 3 4
 8853 1 2 3
 8858 1 3 4
 8862 1 2 3
 8863 1 3 4
 8865 1 3 4
 8866 1 3 4
 8867 1 2 3
 8875 1 3 4
 8879 1 2 3
 8885 1 2 3
 8894 1 3 4
 8895 1 2 3
 8910 1 2 3
 8913 1 3 4
 8924 1 2 3
 8925 1 2 3
 8926 1 3 4
 8931 1 3 4
 8932 1 2 3
 8933 1 2 3
 8934 1 3 4
 8938 1 3 4
 8940 1 2 3
 8946 1 2 3
 8947 1 3 4
 8948 1 3 4
 8950 1 3 4
 8951 1 2 3
 8956 1 3 4
 8958 1 2 3
 8961 1 3 4
 8962 1 2 3
 8963 1 3 4
 8970 1 2 3
 8972 1 2 3
 8973 1 2 3
 8974 1 3 4
 8975 1 2 3
 8976 1 3 4
 8977 1 2 3
 8978 1 3 4
 8980 1 3 4
 8985 1 3 4
 8988 1 2 3
 8995 1 2 3
 8997 1 3 4
 9008 1 3 4
 9009 1 2 3
 9010 1 2 3
 9017 1 3 4
 9020 1 2 3
 9022 1 3 4
 9023 1 2 3
 9043 1 3 4
 9048 1 2 3
 9049 1 3 4
 9054 1 2 3
 9065 1 3 4
 9066 1 2 3
 9072 1 3 4
 9076 1 2 3
 9080 1 3 4
 9083 1 2 3
 9100 1 3 4
 9101 1 2 3
 9103 1 3 4
 9104 1 3 4
 9105 1 2 3
 9106 1 3 4
 9110 1 3 4
 9111 1 2 3
 9116 1 2 3
 9118 1 3 4
 9120 1 3 4
 9124 1 2 3
 9128 1 3 4
 9131 1 2 3
 9132 1 3 4
 9139 1 2 3
 9141 1 2 3
 9145 1 3 4
 9148 1 2 3
 9153 1 3 4
 9163 1 3 4
 9165 1 2 3
 9170 1 2 3
 9172 1 3 4
 9176 1 3 4
 9177 1 2 3
 9181 1 2 3
 9183 1 3 4
 9186 1 3 4
 9187 1 2 3
 9193 1 2 3
 9196 1 3 4
 9199 1 3 4
 9204 1 2 3
 9208 1 3 4
 9210 1 2 3
 9217 1 3 4
 9220 1 2 3
 9230 1 3 4
 9233 1 2 3
 9245 1 3 4
 9246 1 2 3
 9253 1 3 4
 9255 1 2 3
 9265 1 3 4
 9266 1 2 3
 9271 1 2 3
 9273 1 3 4
 9283 1 3 4
 9287 1 2 3
 9289 1 3 4
 9295 1 2 3
 9298 1 2 3
 9301 1 3 4
 9350 1 3 4
 9351 1 2 3
 9354 1 2 3
 9358 1 3 4
 9419 1 3 4
 9426 1 2 3
 9430 1 3 4
 9432 1 2 3
 9434 1 3 4
 9436 1 2 3
 9439 1 3 4
 9441 1 2 3
 9451 1 3 4
 9455 1 2 3
 9483 1 3 4
 9486 1 2 3
 9517 1 3 4
 9528 1 2 3
 9910 1 3 4
 9912 1 2 3
 9920 1 2 3
 9921 1 3 4
 9924 1 3 4
 9927 1 2 3
 9933 1 2 3
 9935 1 3 4
 10008 1 3 4
 10013 1 2 3
 10020 1 2 3
 10022 1 3 4
 10025 1 2 3
 10026 1 3 4
 10140 1 2 3
 10141 1 3 4
 10161 1 2 3
 10175 1 2 3
 10176 1 3 4
 10177 1 3 4
 10182 1 2 3
 10190 1 3 4
 10191 1 2 3
 10193 1 2 3
 10194 1 3 4
 10197 1 3 4
 10199 1 2 3
 10200 1 2 3
 10201 1 3 4
 10204 1 3 4
 10207 1 2 3
 10210 1 3 4
 10211 1 2 3
 10281 1 2 3
 10283 1 3 4
 10293 1 3 4
 10294 1 2 3
 10301 1 2 3
 10304 1 3 4
 10314 1 3 4
 10317 1 2 3
 10322 1 3 4
 10324 1 2 3
 10329 1 2 3
 10330 1 3 4
 10335 1 3 4
 10337 1 2 3
 10368 1 3 4
 10369 1 2 3
 10376 1 3 4
 10381 1 2 3
 10385 1 3 4
 10387 1 2 3
 10401 1 3 4
 10405 1 2 3
 10416 1 3 4
 10418 1 2 3
 10428 1 2 3
 10432 1 3 4
 10441 1 3 4
 10443 1 2 3
 10458 1 3 4
 10460 1 2 3
 14890 1 3 4
 14894 1 2 3
 15295 1 3 4
 15299 1 2 3
 15303 1 2 3
 15305 1 3 4
 15811 1 3 4
 16026 1 2 3
 16028 1 3 4
 16040 1 3 4
 16108 1 3 4
 16110 1 2 3
 16135 1 2 3
 16138 1 3 4
 16149 1 3 4
 16153 1 2 3
 16158 1 3 4
 16159 1 2 3
 16161 1 2 3
 16163 1 3 4
 16174 1 3 4
 16176 1 2 3
 16179 1 2 3
 16185 1 3 4
 16190 1 3 4
 16193 1 2 3
 16201 1 3 4
 16209 1 2 3
 16217 1 3 4
 16222 1 2 3
 16230 1 3 4
 16234 1 2 3
 16251 1 2 3
 16253 1 3 4
 16261 1 3 4
 16263 1 2 3
 16273 1 2 3
 16276 1 3 4
 16281 1 2 3
 16285 1 3 4
 16292 1 2 3
 16294 1 3 4
 16297 1 2 3
 16303 1 3 4
 16306 1 3 4
 16309 1 2 3
 16316 1 3 4
 16318 1 2 3
 16329 1 2 3
 16335 1 3 4
 16339 1 2 3
 16342 1 3 4
 16355 1 2 3
 16361 1 3 4
 16376 1 3 4
 16380 1 2 3
 16419 1 3 4
 16420 1 2 3
 16424 1 2 3
 16425 1 3 4
 16430 1 3 4
 16437 1 2 3
 16441 1 2 3
 16443 1 3 4
 16447 1 2 3
 16448 1 3 4
 16460 1 3 4
 16467 1 2 3
 16528 1 2 3
 16529 1 3 4
 16538 1 2 3
 16542 1 3 4
 16574 1 2 3
 16575 1 3 4
 16598 1 3 4
 16599 1 2 3
 16605 1 3 4
 16609 1 2 3
 16612 1 2 3
 16617 1 3 4
