 2119
 1 2 4 3 1
 1 4 5 3 1
 1 5 6 3 1
 1 4 8 5 1
 6 5 9 3 1
 6 9 11 3 1
 9 10 6 11 1
 12 4 2 3 1
 12 2 11 3 1
 11 13 2 12 1
 11 2 13 14 1
 2 15 13 14 1
 15 17 16 19 1
 21 20 17 22 1
 25 26 27 28 1
 4 30 8 5 1
 4 3 30 5 1
 11 3 9 30 1
 12 3 11 30 1
 4 8 30 12 1
 9 3 5 30 1
 4 30 3 12 1
 8 9 5 30 1
 8 12 33 30 1
 6 10 7 42 1
 10 42 6 11 1
 7 43 25 41 1
 7 42 10 44 1
 7 10 43 44 1
 7 43 41 44 1
 7 41 42 44 1
 10 42 45 44 1
 9 45 11 30 1
 9 10 11 45 1
 42 11 10 45 1
 46 45 9 30 1
 8 33 32 46 1
 8 46 9 30 1
 8 33 46 30 1
 43 10 47 44 1
 46 47 9 45 1
 47 45 10 9 1
 47 10 45 44 1
 42 48 18 50 1
 45 44 42 50 1
 42 11 45 50 1
 42 18 11 50 1
 11 51 13 12 1
 11 13 51 14 1
 11 18 14 51 1
 12 31 51 13 1
 11 51 12 30 1
 33 12 51 30 1
 11 45 51 30 1
 33 51 12 31 1
 51 45 11 50 1
 18 51 11 50 1
 13 14 52 51 1
 31 16 52 13 1
 13 52 14 15 1
 14 51 18 52 1
 14 18 19 52 1
 15 19 16 52 1
 15 14 19 52 1
 15 16 13 52 1
 31 52 51 13 1
 18 53 19 52 1
 39 38 31 54 1
 31 51 52 54 1
 55 39 31 54 1
 55 52 31 16 1
 55 31 52 54 1
 55 56 52 16 1
 55 16 49 56 1
 55 52 56 54 1
 20 16 56 49 1
 19 16 52 57 1
 19 22 17 57 1
 20 17 22 57 1
 16 56 52 57 1
 17 20 16 57 1
 17 16 19 57 1
 20 56 16 57 1
 52 56 58 57 1
 18 59 53 52 1
 18 51 59 52 1
 48 59 18 50 1
 18 59 51 50 1
 18 48 60 59 1
 18 60 53 59 1
 62 22 19 57 1
 19 62 52 53 1
 19 52 62 57 1
 62 52 58 57 1
 24 64 21 23 1
 21 64 63 23 1
 21 20 22 65 1
 21 23 63 65 1
 22 65 20 57 1
 49 20 63 65 1
 21 22 23 65 1
 21 63 20 65 1
 58 56 65 57 1
 20 56 65 49 1
 20 65 56 57 1
 24 64 23 66 1
 24 67 64 66 1
 62 68 22 57 1
 23 68 65 22 1
 68 65 22 57 1
 63 23 64 69 1
 23 66 64 69 1
 23 65 68 69 1
 63 65 23 69 1
 71 23 68 69 1
 24 23 71 66 1
 71 66 23 69 1
 68 70 72 69 1
 68 72 71 69 1
 25 26 75 40 1
 25 75 43 40 1
 25 43 75 41 1
 25 75 26 28 1
 28 75 41 25 1
 74 48 41 76 1
 28 74 41 76 1
 28 41 75 76 1
 77 26 40 75 1
 29 27 78 79 1
 27 26 77 80 1
 27 77 78 80 1
 27 28 26 80 1
 26 80 28 75 1
 77 80 26 75 1
 28 80 74 76 1
 28 75 80 76 1
 81 74 28 80 1
 27 81 78 79 1
 27 81 28 80 1
 27 78 81 80 1
 29 79 78 82 1
 29 84 79 82 1
 29 78 87 82 1
 34 36 88 89 1
 32 36 34 89 1
 33 90 51 31 1
 33 31 38 90 1
 51 31 90 54 1
 46 90 45 30 1
 51 90 45 50 1
 45 90 51 30 1
 33 51 90 30 1
 38 90 31 54 1
 33 90 46 30 1
 32 89 46 91 1
 32 46 33 91 1
 32 33 36 91 1
 32 36 89 91 1
 33 46 90 91 1
 36 89 91 92 1
 33 38 36 92 1
 33 36 91 92 1
 36 88 89 92 1
 33 91 90 92 1
 33 90 38 92 1
 93 46 89 91 1
 34 88 37 95 1
 34 89 88 95 1
 34 37 97 95 1
 34 97 89 95 1
 96 89 97 95 1
 34 37 100 97 1
 35 100 101 99 1
 35 99 101 102 1
 35 103 99 102 1
 35 101 105 102 1
 36 106 88 92 1
 38 106 36 92 1
 100 37 107 97 1
 107 37 88 111 1
 97 37 111 95 1
 37 88 111 95 1
 107 97 37 111 1
 38 90 113 92 1
 38 113 106 92 1
 112 108 39 113 1
 38 108 106 113 1
 39 108 38 113 1
 112 55 115 39 1
 39 38 115 113 1
 55 115 39 54 1
 115 38 90 113 1
 39 115 38 54 1
 112 39 115 113 1
 38 115 90 54 1
 51 116 90 50 1
 116 51 59 50 1
 116 51 90 54 1
 116 90 115 54 1
 77 40 117 75 1
 117 40 43 75 1
 85 117 119 120 1
 77 80 75 120 1
 77 75 117 120 1
 77 117 85 120 1
 47 117 43 121 1
 47 45 121 44 1
 43 121 41 44 1
 117 43 121 75 1
 41 75 121 43 1
 41 48 42 121 1
 121 44 45 50 1
 43 47 121 44 1
 41 121 42 44 1
 41 121 75 76 1
 47 118 117 121 1
 121 42 44 50 1
 42 121 48 50 1
 48 121 41 76 1
 117 75 121 120 1
 47 93 118 122 1
 47 46 93 122 1
 45 122 121 50 1
 122 90 46 91 1
 47 45 46 122 1
 47 121 45 122 1
 122 90 116 50 1
 45 90 122 50 1
 47 118 121 122 1
 122 46 90 45 1
 93 122 46 91 1
 48 123 121 76 1
 123 48 50 59 1
 60 59 48 123 1
 123 50 48 121 1
 73 60 124 123 1
 124 60 48 123 1
 74 124 48 76 1
 124 123 48 76 1
 109 126 49 127 1
 49 63 109 127 1
 49 63 127 65 1
 49 65 127 56 1
 127 65 58 56 1
 126 128 127 109 1
 128 129 67 109 1
 55 110 112 131 1
 130 110 126 131 1
 49 56 127 131 1
 49 110 55 131 1
 110 49 126 131 1
 126 49 127 131 1
 49 55 56 131 1
 123 50 132 59 1
 116 132 122 50 1
 59 132 116 50 1
 123 132 50 121 1
 121 122 132 50 1
 58 52 133 56 1
 51 133 59 52 1
 116 59 51 133 1
 115 133 116 54 1
 116 59 133 132 1
 52 54 133 56 1
 51 116 133 54 1
 133 52 51 54 1
 60 134 53 59 1
 58 133 52 134 1
 59 52 133 134 1
 58 52 62 134 1
 60 53 134 61 1
 53 52 59 134 1
 61 62 53 134 1
 62 52 53 134 1
 55 135 54 56 1
 112 115 55 135 1
 135 56 55 131 1
 55 112 135 131 1
 55 135 115 54 1
 133 54 135 56 1
 135 133 115 54 1
 59 132 123 136 1
 59 133 132 136 1
 59 134 133 136 1
 133 137 56 135 1
 133 137 134 58 1
 133 56 137 58 1
 135 56 131 137 1
 127 56 58 137 1
 127 131 56 137 1
 58 137 134 138 1
 62 57 58 138 1
 62 68 57 138 1
 62 58 134 138 1
 58 57 65 138 1
 138 58 127 65 1
 65 68 138 57 1
 138 127 58 137 1
 65 138 68 69 1
 68 70 69 138 1
 60 139 134 59 1
 139 134 59 136 1
 59 123 60 139 1
 60 134 139 61 1
 73 60 123 139 1
 59 123 139 136 1
 61 60 73 139 1
 62 140 134 61 1
 62 134 140 138 1
 61 139 140 134 1
 141 139 61 73 1
 141 61 139 140 1
 142 62 61 140 1
 142 61 141 140 1
 142 68 62 143 1
 62 140 143 138 1
 62 143 68 138 1
 142 62 140 143 1
 68 143 70 138 1
 67 109 63 144 1
 63 64 144 69 1
 63 144 65 69 1
 63 64 67 144 1
 109 127 63 144 1
 63 127 65 144 1
 66 144 64 69 1
 64 66 67 144 1
 128 67 144 109 1
 109 127 144 128 1
 145 65 127 144 1
 138 127 145 65 1
 65 69 145 138 1
 65 144 145 69 1
 138 145 127 137 1
 144 70 145 69 1
 143 145 70 138 1
 145 69 70 138 1
 146 144 66 69 1
 71 146 66 69 1
 66 146 67 144 1
 146 70 144 69 1
 128 144 67 147 1
 128 67 129 147 1
 67 146 147 144 1
 148 143 145 70 1
 146 148 144 70 1
 145 144 148 70 1
 70 149 148 143 1
 70 68 149 143 1
 142 149 68 143 1
 70 149 68 72 1
 70 149 150 148 1
 70 150 149 72 1
 71 72 150 151 1
 146 151 148 70 1
 70 151 150 72 1
 70 150 151 148 1
 71 151 146 69 1
 151 70 146 69 1
 72 151 71 69 1
 72 70 151 69 1
 152 124 123 73 1
 152 123 139 73 1
 141 73 152 139 1
 124 74 160 76 1
 83 125 74 160 1
 125 124 74 160 1
 83 74 81 160 1
 81 74 80 160 1
 124 160 123 76 1
 80 160 74 76 1
 161 75 121 76 1
 123 160 161 76 1
 121 75 161 120 1
 121 123 161 76 1
 161 75 80 120 1
 161 160 80 76 1
 161 80 75 76 1
 85 86 77 162 1
 77 162 80 120 1
 161 80 162 120 1
 77 85 162 120 1
 78 81 80 163 1
 77 80 162 163 1
 77 162 86 163 1
 77 86 78 163 1
 77 78 80 163 1
 87 78 86 163 1
 87 82 78 163 1
 78 79 81 163 1
 78 82 79 163 1
 81 79 84 163 1
 79 82 84 163 1
 164 80 161 160 1
 162 80 164 163 1
 164 162 161 80 1
 84 83 81 165 1
 84 81 163 165 1
 80 160 164 165 1
 83 160 81 165 1
 80 163 81 165 1
 164 163 80 165 1
 81 160 80 165 1
 83 166 160 165 1
 125 160 83 166 1
 164 160 166 165 1
 114 154 83 166 1
 154 125 83 166 1
 153 125 154 166 1
 85 174 162 120 1
 172 85 119 174 1
 172 173 85 174 1
 85 119 174 120 1
 87 175 82 163 1
 82 175 84 163 1
 84 163 175 165 1
 114 83 176 166 1
 84 83 176 114 1
 84 176 83 165 1
 83 176 166 165 1
 84 175 176 165 1
 173 174 177 85 1
 85 177 86 162 1
 86 85 173 177 1
 85 174 177 162 1
 86 162 177 163 1
 173 177 174 178 1
 87 86 179 163 1
 87 179 175 163 1
 86 177 179 163 1
 179 177 175 163 1
 180 177 173 178 1
 180 179 86 177 1
 180 86 173 177 1
 180 87 86 179 1
 106 183 88 92 1
 107 88 183 111 1
 183 91 89 92 1
 183 111 88 95 1
 107 183 88 106 1
 183 106 113 92 1
 89 183 88 95 1
 89 88 183 92 1
 93 89 96 184 1
 96 167 93 184 1
 93 122 91 184 1
 93 91 89 184 1
 89 91 183 184 1
 89 184 183 95 1
 89 96 184 95 1
 183 91 185 184 1
 185 113 90 92 1
 185 90 91 92 1
 183 185 91 92 1
 116 122 185 90 1
 91 185 122 90 1
 91 122 185 184 1
 115 90 185 113 1
 116 185 115 90 1
 183 113 185 92 1
 94 93 167 186 1
 167 186 93 184 1
 186 93 122 118 1
 94 118 93 186 1
 171 94 167 186 1
 186 122 93 184 1
 119 187 118 94 1
 94 118 186 187 1
 171 94 186 187 1
 171 172 94 187 1
 119 94 172 187 1
 119 172 174 187 1
 116 185 122 188 1
 185 184 122 188 1
 122 184 186 188 1
 122 132 116 188 1
 96 98 168 189 1
 168 167 96 189 1
 189 95 184 96 1
 96 189 167 184 1
 189 186 167 184 1
 189 184 95 183 1
 97 189 111 98 1
 97 96 189 98 1
 189 111 183 95 1
 97 111 189 95 1
 97 189 96 95 1
 98 104 170 190 1
 169 170 104 190 1
 190 111 189 98 1
 98 168 189 190 1
 98 170 168 190 1
 99 101 102 191 1
 100 107 101 191 1
 100 97 107 191 1
 107 191 97 111 1
 103 104 98 191 1
 100 99 97 191 1
 98 97 99 191 1
 103 99 102 191 1
 103 98 99 191 1
 100 101 99 191 1
 105 102 101 191 1
 98 191 104 190 1
 190 191 111 98 1
 97 191 98 111 1
 107 192 101 191 1
 105 101 192 191 1
 103 193 104 191 1
 104 191 193 190 1
 103 102 193 191 1
 105 193 102 191 1
 169 104 103 194 1
 103 194 104 193 1
 169 104 194 190 1
 104 193 194 190 1
 193 195 190 191 1
 193 190 195 194 1
 190 189 111 195 1
 190 111 191 195 1
 105 192 196 191 1
 105 196 193 191 1
 197 105 192 196 1
 191 198 195 111 1
 192 191 107 198 1
 107 198 191 111 1
 107 183 198 111 1
 107 183 200 198 1
 200 113 106 108 1
 107 200 183 106 1
 200 106 113 183 1
 197 196 192 201 1
 107 198 200 202 1
 202 192 107 198 1
 202 192 198 201 1
 199 200 112 203 1
 183 198 203 200 1
 200 113 203 183 1
 200 203 113 108 1
 200 108 112 203 1
 203 112 113 108 1
 204 192 202 201 1
 197 192 204 201 1
 109 205 126 128 1
 129 205 109 128 1
 199 112 207 203 1
 130 207 110 131 1
 112 110 207 131 1
 112 207 135 131 1
 208 112 110 207 1
 130 208 110 207 1
 199 112 208 207 1
 198 111 183 210 1
 183 111 189 210 1
 189 111 195 210 1
 195 111 198 210 1
 211 198 183 210 1
 183 203 198 211 1
 183 113 203 211 1
 112 135 212 115 1
 211 113 203 212 1
 112 113 115 212 1
 112 212 135 207 1
 112 203 212 207 1
 203 113 112 212 1
 116 213 185 188 1
 183 213 113 211 1
 115 113 185 213 1
 183 113 213 185 1
 115 113 213 212 1
 116 115 185 213 1
 211 213 113 212 1
 114 157 154 217 1
 114 217 154 166 1
 114 176 217 166 1
 154 153 166 218 1
 154 166 217 218 1
 154 219 153 218 1
 220 135 115 212 1
 116 115 220 133 1
 220 132 188 116 1
 116 220 115 213 1
 116 133 220 132 1
 220 115 135 133 1
 115 213 220 212 1
 116 220 213 188 1
 221 122 118 186 1
 122 186 221 188 1
 118 221 117 121 1
 117 118 119 221 1
 117 221 119 120 1
 221 121 118 122 1
 221 186 118 187 1
 119 118 187 221 1
 221 174 119 120 1
 119 174 221 187 1
 121 161 221 120 1
 117 121 221 120 1
 174 222 162 120 1
 164 161 162 222 1
 221 222 174 120 1
 162 222 161 120 1
 221 161 222 120 1
 221 121 122 223 1
 188 122 223 221 1
 221 161 121 223 1
 188 223 122 132 1
 121 132 122 223 1
 121 161 123 223 1
 123 132 121 223 1
 221 222 161 223 1
 224 123 132 136 1
 224 139 123 136 1
 224 161 123 160 1
 224 123 161 223 1
 224 132 123 223 1
 224 161 222 223 1
 225 123 124 160 1
 125 152 124 225 1
 152 125 153 225 1
 152 123 124 225 1
 125 225 124 160 1
 152 139 123 225 1
 225 123 224 139 1
 224 123 225 160 1
 153 225 125 166 1
 125 225 160 166 1
 153 225 166 218 1
 205 226 126 128 1
 126 127 128 226 1
 126 205 209 226 1
 209 130 126 226 1
 127 226 126 131 1
 130 126 226 131 1
 226 131 127 137 1
 227 145 137 127 1
 226 227 127 128 1
 127 227 145 144 1
 227 137 226 127 1
 147 144 227 128 1
 227 144 127 128 1
 205 209 226 228 1
 205 215 209 228 1
 205 228 226 128 1
 226 228 227 128 1
 129 206 205 229 1
 205 229 228 128 1
 129 229 205 128 1
 227 228 229 128 1
 129 147 229 128 1
 147 227 229 128 1
 147 230 229 227 1
 230 229 227 228 1
 207 231 131 130 1
 209 228 231 226 1
 209 130 226 231 1
 208 207 130 231 1
 130 131 226 231 1
 209 208 130 231 1
 207 232 135 131 1
 135 232 207 212 1
 232 226 137 131 1
 207 131 231 232 1
 135 131 232 137 1
 226 131 232 231 1
 188 223 233 221 1
 220 188 132 233 1
 224 233 132 223 1
 188 233 223 132 1
 234 232 137 135 1
 135 234 232 212 1
 220 234 135 212 1
 233 220 235 132 1
 224 136 132 235 1
 220 132 133 235 1
 132 136 133 235 1
 233 224 132 235 1
 140 139 236 134 1
 236 225 224 139 1
 224 236 139 136 1
 224 236 136 235 1
 236 134 139 136 1
 237 134 236 136 1
 237 140 134 138 1
 237 135 220 234 1
 237 140 236 134 1
 133 134 137 237 1
 234 237 235 220 1
 237 135 234 137 1
 237 134 137 138 1
 135 237 133 137 1
 135 237 220 133 1
 237 136 236 235 1
 133 134 237 136 1
 133 136 237 235 1
 220 133 237 235 1
 234 137 232 238 1
 237 234 238 137 1
 227 137 145 238 1
 232 137 226 238 1
 227 226 137 238 1
 238 239 145 227 1
 152 225 153 240 1
 153 225 218 240 1
 237 137 241 138 1
 241 143 140 138 1
 241 137 145 138 1
 241 236 237 140 1
 241 238 145 137 1
 237 238 241 137 1
 142 140 241 143 1
 241 145 148 143 1
 241 145 143 138 1
 241 140 237 138 1
 241 242 236 140 1
 236 140 242 139 1
 242 140 141 139 1
 152 155 141 242 1
 142 141 242 140 1
 142 242 241 140 1
 141 152 242 139 1
 152 225 242 139 1
 236 242 225 139 1
 152 242 225 240 1
 142 155 242 141 1
 158 156 155 243 1
 159 156 158 243 1
 155 156 142 243 1
 142 242 155 243 1
 149 244 148 143 1
 156 149 142 244 1
 149 142 244 143 1
 142 241 244 143 1
 148 244 241 143 1
 156 244 142 243 1
 242 244 142 241 1
 242 142 244 243 1
 238 145 245 241 1
 238 245 145 239 1
 241 244 148 245 1
 145 241 148 245 1
 246 230 147 227 1
 146 151 246 148 1
 147 246 227 144 1
 145 227 246 144 1
 145 148 246 245 1
 145 239 246 227 1
 246 148 145 144 1
 230 246 239 227 1
 147 146 246 144 1
 145 246 239 245 1
 146 148 246 144 1
 151 247 246 148 1
 150 149 156 247 1
 159 150 156 247 1
 247 148 149 244 1
 150 149 247 148 1
 156 247 149 244 1
 150 247 151 148 1
 246 247 245 148 1
 247 148 244 245 1
 155 152 153 248 1
 153 240 218 248 1
 152 242 240 248 1
 155 242 152 248 1
 219 153 218 248 1
 152 240 153 248 1
 153 249 155 248 1
 219 249 153 248 1
 250 157 251 219 1
 157 219 154 251 1
 157 154 217 251 1
 154 251 219 218 1
 154 217 251 218 1
 250 251 157 252 1
 249 253 155 248 1
 155 249 158 253 1
 155 253 242 248 1
 155 253 158 243 1
 155 242 253 243 1
 159 247 156 254 1
 156 244 254 247 1
 159 254 156 243 1
 156 254 244 243 1
 159 255 254 243 1
 159 158 255 243 1
 255 253 243 158 1
 158 249 256 253 1
 157 257 250 252 1
 258 253 255 158 1
 258 256 253 158 1
 258 159 158 255 1
 224 222 161 259 1
 161 160 224 259 1
 224 160 225 259 1
 164 160 161 259 1
 161 222 164 259 1
 160 166 225 259 1
 164 166 160 259 1
 177 162 174 260 1
 177 163 162 260 1
 164 259 222 260 1
 164 222 162 260 1
 162 163 164 260 1
 162 222 174 260 1
 175 163 177 260 1
 166 261 259 164 1
 259 260 164 261 1
 176 217 166 261 1
 163 164 261 165 1
 176 166 165 261 1
 164 165 166 261 1
 163 261 164 260 1
 176 165 175 261 1
 175 165 163 261 1
 175 163 260 261 1
 262 225 166 259 1
 262 166 217 261 1
 166 259 261 262 1
 217 166 262 218 1
 262 225 218 166 1
 262 218 225 240 1
 217 263 262 261 1
 217 176 263 261 1
 167 186 189 264 1
 167 189 168 264 1
 171 167 168 264 1
 171 186 167 264 1
 168 264 189 190 1
 171 186 264 187 1
 265 171 168 264 1
 168 264 266 265 1
 168 181 265 266 1
 168 264 190 267 1
 168 170 181 267 1
 168 190 170 267 1
 168 266 264 267 1
 168 267 181 266 1
 169 181 170 268 1
 169 194 268 190 1
 169 182 181 268 1
 169 268 170 190 1
 170 268 181 267 1
 170 190 268 267 1
 172 171 265 269 1
 265 269 171 264 1
 171 269 172 187 1
 171 264 269 187 1
 269 264 265 266 1
 221 174 270 187 1
 221 270 174 222 1
 265 271 172 269 1
 178 272 271 173 1
 272 180 173 178 1
 273 174 222 260 1
 273 174 270 222 1
 273 222 259 260 1
 172 271 173 274 1
 173 174 274 178 1
 274 270 273 174 1
 274 270 174 187 1
 274 172 269 187 1
 172 274 173 174 1
 271 274 172 269 1
 274 269 270 187 1
 274 174 172 187 1
 178 271 274 173 1
 178 274 271 275 1
 178 271 272 275 1
 276 275 274 178 1
 174 273 276 260 1
 177 174 276 260 1
 177 276 174 178 1
 274 276 174 273 1
 274 174 276 178 1
 175 179 277 177 1
 277 177 276 260 1
 175 177 277 260 1
 263 176 277 261 1
 176 175 277 261 1
 175 260 277 261 1
 180 278 179 177 1
 278 275 276 178 1
 277 179 278 177 1
 180 278 177 178 1
 278 276 177 178 1
 278 277 177 276 1
 272 275 278 178 1
 272 278 180 178 1
 182 181 279 266 1
 182 181 268 279 1
 181 267 279 266 1
 268 279 181 267 1
 182 279 280 266 1
 182 281 181 266 1
 181 281 265 266 1
 182 280 281 266 1
 274 283 271 275 1
 265 282 271 283 1
 265 271 269 283 1
 274 269 271 283 1
 271 282 284 283 1
 182 285 281 280 1
 287 183 211 213 1
 287 185 183 213 1
 195 287 189 210 1
 287 186 184 188 1
 287 211 183 210 1
 183 189 287 210 1
 287 183 185 184 1
 287 184 185 188 1
 287 189 186 264 1
 287 185 213 188 1
 287 189 183 184 1
 287 186 189 184 1
 270 187 269 288 1
 221 233 188 288 1
 264 187 186 288 1
 287 264 186 288 1
 221 288 186 187 1
 186 188 287 288 1
 221 187 270 288 1
 221 186 288 188 1
 269 187 264 288 1
 221 270 233 288 1
 233 188 288 289 1
 220 289 188 233 1
 220 188 289 213 1
 287 188 213 289 1
 287 288 188 289 1
 264 290 269 288 1
 270 269 290 288 1
 287 291 195 189 1
 291 290 264 288 1
 189 264 291 190 1
 195 189 291 190 1
 287 291 189 264 1
 291 190 264 267 1
 287 291 264 288 1
 292 190 268 194 1
 195 291 292 190 1
 194 195 292 190 1
 292 268 190 267 1
 292 190 291 267 1
 192 196 191 293 1
 192 191 198 293 1
 194 195 193 293 1
 195 198 191 293 1
 193 191 196 293 1
 193 195 191 293 1
 292 195 194 293 1
 196 293 192 201 1
 195 198 293 210 1
 192 293 198 201 1
 294 292 194 293 1
 194 193 294 293 1
 193 196 294 293 1
 195 291 287 295 1
 292 291 195 295 1
 287 195 295 210 1
 294 295 292 293 1
 292 295 195 293 1
 195 293 295 210 1
 199 207 296 203 1
 208 207 296 199 1
 208 296 297 199 1
 197 298 196 201 1
 294 196 298 293 1
 197 204 298 201 1
 298 293 196 201 1
 297 300 199 296 1
 199 300 204 296 1
 301 197 204 298 1
 204 302 298 201 1
 199 296 302 203 1
 302 200 198 202 1
 302 199 200 202 1
 199 204 302 296 1
 298 302 293 201 1
 302 198 200 203 1
 302 200 199 203 1
 198 302 293 210 1
 295 293 302 210 1
 211 198 302 203 1
 211 302 198 210 1
 198 293 302 201 1
 204 302 202 199 1
 204 202 302 201 1
 202 198 302 201 1
 203 212 207 303 1
 302 203 296 303 1
 302 211 203 303 1
 211 212 203 303 1
 296 207 303 203 1
 204 302 296 304 1
 204 298 302 304 1
 301 304 204 300 1
 296 304 302 303 1
 301 204 304 298 1
 204 296 300 304 1
 294 298 305 293 1
 298 302 305 293 1
 305 302 298 304 1
 206 205 229 307 1
 206 215 205 307 1
 205 307 215 228 1
 205 229 307 228 1
 206 215 307 308 1
 206 216 215 308 1
 206 309 216 308 1
 311 239 246 245 1
 311 230 246 239 1
 306 299 310 312 1
 310 299 214 312 1
 309 310 214 312 1
 214 299 297 312 1
 234 313 232 212 1
 313 207 212 303 1
 313 232 207 231 1
 207 232 313 212 1
 208 207 231 314 1
 207 313 231 314 1
 208 297 296 314 1
 208 296 207 314 1
 209 314 297 208 1
 209 208 231 314 1
 313 207 303 314 1
 296 303 207 314 1
 214 297 209 315 1
 215 315 209 228 1
 209 297 314 315 1
 209 231 228 315 1
 215 214 209 315 1
 312 314 297 315 1
 214 297 315 312 1
 209 231 315 314 1
 213 316 287 289 1
 287 295 316 210 1
 316 303 212 211 1
 287 316 211 210 1
 211 287 213 316 1
 213 316 212 211 1
 302 316 295 210 1
 316 212 303 313 1
 302 211 316 210 1
 302 316 211 303 1
 234 317 313 212 1
 213 212 316 317 1
 317 316 313 212 1
 220 212 317 234 1
 220 317 212 213 1
 220 317 213 289 1
 317 316 213 289 1
 214 309 318 216 1
 214 318 309 312 1
 214 318 215 216 1
 309 216 308 318 1
 214 215 318 315 1
 214 312 315 318 1
 215 307 308 318 1
 215 228 307 318 1
 215 308 216 318 1
 215 315 228 318 1
 319 251 217 218 1
 319 217 262 218 1
 263 262 319 217 1
 251 320 219 218 1
 319 320 251 218 1
 320 218 262 240 1
 250 251 320 219 1
 219 249 320 250 1
 250 320 251 252 1
 262 320 319 218 1
 219 218 320 248 1
 218 240 320 248 1
 219 320 249 248 1
 234 235 321 220 1
 234 317 220 321 1
 233 235 220 321 1
 220 233 321 289 1
 220 321 317 289 1
 233 321 224 235 1
 224 321 233 322 1
 273 222 322 259 1
 224 322 222 259 1
 233 270 221 322 1
 270 222 221 322 1
 273 222 270 322 1
 221 322 222 223 1
 222 322 224 223 1
 221 233 322 223 1
 224 322 233 223 1
 273 322 270 323 1
 224 321 324 235 1
 262 324 225 259 1
 225 242 236 324 1
 224 324 322 259 1
 224 225 236 324 1
 225 324 262 240 1
 242 324 225 240 1
 224 324 321 322 1
 224 225 324 259 1
 224 324 236 235 1
 228 318 315 325 1
 231 325 228 315 1
 315 314 231 325 1
 231 314 313 325 1
 326 227 226 228 1
 230 239 326 227 1
 326 239 238 227 1
 326 226 238 232 1
 226 232 326 231 1
 326 238 226 227 1
 231 228 325 326 1
 230 227 326 228 1
 326 228 226 231 1
 327 307 229 228 1
 307 228 327 318 1
 327 318 228 325 1
 326 327 228 325 1
 230 327 229 228 1
 230 326 327 228 1
 311 328 230 239 1
 230 328 327 326 1
 328 326 230 239 1
 238 232 234 329 1
 234 232 313 329 1
 313 317 234 329 1
 313 329 232 231 1
 313 329 231 325 1
 326 232 238 329 1
 326 231 329 325 1
 232 329 326 231 1
 238 329 234 330 1
 237 238 234 330 1
 234 321 235 330 1
 234 235 237 330 1
 322 270 331 233 1
 322 331 270 323 1
 233 288 331 289 1
 233 322 321 331 1
 233 331 321 289 1
 270 331 233 288 1
 290 288 331 270 1
 332 317 234 321 1
 332 321 234 330 1
 332 234 317 329 1
 332 234 329 330 1
 332 317 321 289 1
 332 321 331 289 1
 242 324 333 236 1
 321 333 324 235 1
 237 333 235 236 1
 324 333 236 235 1
 237 236 241 333 1
 236 242 241 333 1
 237 235 333 330 1
 321 330 333 235 1
 332 333 321 330 1
 237 334 241 238 1
 241 238 334 245 1
 237 241 334 333 1
 238 239 334 245 1
 334 329 238 330 1
 334 238 326 239 1
 237 334 238 330 1
 237 333 334 330 1
 334 326 238 329 1
 324 335 262 240 1
 262 335 320 240 1
 334 245 239 336 1
 328 336 326 239 1
 326 334 239 336 1
 311 328 239 336 1
 311 239 245 336 1
 311 245 337 336 1
 242 333 324 338 1
 338 335 324 240 1
 338 324 242 240 1
 320 335 338 240 1
 338 242 339 240 1
 320 338 339 240 1
 320 240 339 248 1
 339 240 242 248 1
 253 339 242 248 1
 338 340 242 333 1
 241 340 244 245 1
 241 340 242 244 1
 334 340 241 245 1
 334 241 340 333 1
 242 340 241 333 1
 340 245 334 336 1
 337 245 340 336 1
 242 340 338 339 1
 242 340 341 244 1
 255 341 254 243 1
 255 243 253 341 1
 341 244 254 243 1
 242 244 341 243 1
 341 340 242 339 1
 341 253 242 243 1
 341 242 253 339 1
 254 341 342 244 1
 341 340 342 244 1
 342 244 340 245 1
 246 245 247 342 1
 247 254 342 244 1
 311 342 337 245 1
 342 340 337 245 1
 342 311 246 245 1
 247 244 342 245 1
 249 343 256 253 1
 250 343 257 249 1
 257 256 249 343 1
 250 320 343 249 1
 250 257 343 252 1
 343 320 339 248 1
 320 249 248 343 1
 341 253 343 339 1
 343 339 253 248 1
 250 343 320 252 1
 343 253 249 248 1
 344 252 251 320 1
 344 252 320 343 1
 344 251 319 320 1
 257 343 252 344 1
 258 253 256 345 1
 345 253 256 343 1
 345 343 341 253 1
 254 255 345 341 1
 342 254 345 341 1
 258 255 253 345 1
 345 341 255 253 1
 345 341 343 346 1
 341 343 346 339 1
 257 344 347 343 1
 257 347 256 343 1
 345 346 343 348 1
 349 343 347 348 1
 258 256 349 345 1
 349 347 343 256 1
 349 343 345 256 1
 349 345 343 348 1
 350 258 256 349 1
 350 349 256 347 1
 350 256 257 347 1
 351 322 324 259 1
 273 322 351 259 1
 351 324 262 259 1
 273 351 322 323 1
 262 324 351 335 1
 277 276 352 260 1
 352 259 262 261 1
 273 352 276 260 1
 262 263 352 261 1
 263 277 352 261 1
 273 259 352 260 1
 352 260 259 261 1
 262 352 351 259 1
 351 352 273 259 1
 277 260 352 261 1
 273 276 352 353 1
 351 353 323 273 1
 351 273 352 353 1
 351 352 262 354 1
 262 352 263 354 1
 262 319 320 354 1
 263 319 262 354 1
 351 354 262 335 1
 262 354 320 335 1
 355 354 263 352 1
 277 355 263 352 1
 352 276 355 353 1
 355 352 277 276 1
 263 356 319 354 1
 355 263 354 356 1
 281 280 357 266 1
 279 357 280 266 1
 265 357 282 283 1
 265 269 357 283 1
 291 264 357 267 1
 265 357 281 282 1
 265 281 357 266 1
 357 279 267 266 1
 357 269 265 266 1
 264 357 266 269 1
 291 357 264 290 1
 264 290 357 269 1
 264 266 357 267 1
 291 358 357 290 1
 359 268 292 267 1
 359 292 291 267 1
 359 357 291 358 1
 359 291 357 267 1
 359 279 268 267 1
 357 267 279 359 1
 273 274 360 270 1
 360 270 331 323 1
 360 269 357 290 1
 360 269 274 283 1
 360 357 269 283 1
 360 270 274 269 1
 360 270 269 290 1
 273 270 360 323 1
 357 358 360 290 1
 290 331 360 270 1
 284 272 271 361 1
 271 284 361 283 1
 271 361 272 275 1
 361 271 283 275 1
 361 278 272 275 1
 274 276 362 275 1
 274 362 283 275 1
 273 362 274 276 1
 273 362 276 353 1
 360 274 273 362 1
 360 274 362 283 1
 283 362 361 275 1
 360 362 273 323 1
 362 276 278 275 1
 362 278 361 275 1
 362 353 273 323 1
 362 278 276 363 1
 363 276 362 353 1
 362 361 278 363 1
 363 355 276 353 1
 277 278 363 276 1
 363 355 277 276 1
 283 361 362 364 1
 360 362 364 283 1
 357 360 364 283 1
 365 279 359 357 1
 285 365 281 280 1
 365 280 279 357 1
 281 280 365 357 1
 281 357 366 282 1
 285 366 286 282 1
 281 366 285 282 1
 281 366 357 365 1
 357 283 364 366 1
 284 366 282 286 1
 284 282 366 283 1
 281 285 366 365 1
 282 283 357 366 1
 364 283 367 366 1
 367 364 361 283 1
 367 361 284 283 1
 284 367 283 366 1
 285 365 368 366 1
 285 286 366 368 1
 284 369 367 366 1
 368 369 286 366 1
 284 286 369 366 1
 370 284 286 369 1
 370 286 285 368 1
 370 286 368 369 1
 329 317 371 313 1
 313 316 317 371 1
 313 371 329 325 1
 294 372 292 295 1
 359 291 373 358 1
 359 292 373 291 1
 374 331 288 289 1
 287 374 316 295 1
 360 358 374 290 1
 291 374 287 295 1
 291 374 358 290 1
 290 331 288 374 1
 287 316 374 289 1
 374 316 317 289 1
 290 360 331 374 1
 287 374 288 289 1
 287 374 291 288 1
 374 290 291 288 1
 332 374 317 289 1
 332 331 374 289 1
 373 358 291 375 1
 375 372 295 292 1
 291 358 374 375 1
 374 375 295 291 1
 292 373 291 375 1
 292 291 295 375 1
 292 372 373 375 1
 305 376 294 293 1
 305 302 376 293 1
 375 295 372 376 1
 294 372 295 376 1
 305 372 294 376 1
 302 305 376 304 1
 302 376 295 316 1
 294 376 295 293 1
 295 376 302 293 1
 295 376 377 316 1
 374 295 375 377 1
 295 375 377 376 1
 377 374 295 316 1
 300 378 297 299 1
 300 297 378 296 1
 312 297 314 378 1
 297 378 296 314 1
 378 303 296 314 1
 299 378 297 312 1
 300 296 378 304 1
 378 304 296 303 1
 378 313 303 314 1
 301 300 379 304 1
 301 300 299 379 1
 299 379 378 312 1
 301 299 306 379 1
 299 379 300 378 1
 379 306 312 299 1
 305 298 379 304 1
 300 378 379 304 1
 301 379 298 304 1
 313 316 380 303 1
 302 304 380 303 1
 380 316 302 303 1
 379 380 304 378 1
 313 378 380 371 1
 378 313 380 303 1
 376 380 377 316 1
 302 376 380 304 1
 313 380 316 371 1
 302 380 376 316 1
 377 316 380 371 1
 380 304 378 303 1
 381 372 305 376 1
 381 305 379 304 1
 381 376 304 380 1
 379 304 380 381 1
 381 304 376 305 1
 379 312 306 382 1
 306 383 382 312 1
 306 310 383 312 1
 306 310 384 383 1
 309 385 312 318 1
 385 308 307 318 1
 309 308 385 318 1
 385 307 327 318 1
 310 386 383 312 1
 384 383 310 386 1
 309 384 310 386 1
 309 386 310 312 1
 309 385 386 312 1
 338 387 320 339 1
 344 343 320 387 1
 320 387 338 335 1
 320 387 343 339 1
 387 346 343 339 1
 388 311 337 336 1
 311 388 328 336 1
 389 344 320 387 1
 389 320 344 319 1
 390 312 383 386 1
 390 383 312 382 1
 385 390 386 312 1
 378 312 379 390 1
 382 379 312 390 1
 391 314 315 325 1
 313 314 391 325 1
 312 391 385 390 1
 313 378 391 314 1
 391 312 378 390 1
 315 312 391 318 1
 312 314 391 378 1
 313 391 378 371 1
 315 318 391 325 1
 312 385 391 318 1
 312 391 314 315 1
 391 371 313 325 1
 392 374 316 317 1
 329 371 317 392 1
 392 316 374 377 1
 332 317 374 392 1
 332 317 392 329 1
 317 316 392 371 1
 377 392 316 371 1
 385 327 393 318 1
 385 393 391 318 1
 393 385 391 390 1
 393 327 394 395 1
 393 395 391 318 1
 326 395 327 325 1
 391 318 395 325 1
 391 395 393 390 1
 327 318 395 393 1
 327 395 318 325 1
 396 319 356 354 1
 389 320 396 387 1
 396 320 319 354 1
 389 396 320 319 1
 396 397 389 387 1
 354 335 351 398 1
 320 387 335 398 1
 320 335 354 398 1
 396 320 354 398 1
 396 397 387 398 1
 396 387 320 398 1
 360 399 362 323 1
 351 323 353 399 1
 399 353 362 323 1
 399 360 331 323 1
 351 335 400 398 1
 351 323 400 322 1
 400 324 351 322 1
 321 324 400 322 1
 332 321 400 331 1
 351 400 323 399 1
 351 324 400 335 1
 400 324 321 333 1
 351 400 399 398 1
 321 322 400 331 1
 332 321 333 400 1
 400 399 331 323 1
 400 331 322 323 1
 338 324 401 333 1
 332 400 333 401 1
 400 398 335 401 1
 338 401 324 335 1
 324 333 400 401 1
 324 400 335 401 1
 332 400 401 402 1
 332 331 400 402 1
 400 331 399 402 1
 326 329 403 325 1
 391 395 403 325 1
 403 326 334 329 1
 326 403 395 325 1
 403 329 392 371 1
 391 403 371 325 1
 329 371 403 325 1
 326 327 395 404 1
 404 327 394 328 1
 327 326 328 404 1
 394 328 388 404 1
 403 334 326 404 1
 404 394 327 395 1
 388 404 328 336 1
 328 326 336 404 1
 326 404 334 336 1
 326 395 403 404 1
 392 329 405 332 1
 334 403 405 404 1
 332 333 405 401 1
 332 405 392 402 1
 392 405 329 403 1
 334 405 403 329 1
 332 401 405 402 1
 332 405 333 330 1
 333 405 334 330 1
 334 405 329 330 1
 332 329 405 330 1
 360 374 358 406 1
 406 332 331 374 1
 406 375 374 358 1
 406 399 331 402 1
 406 392 332 374 1
 406 331 332 402 1
 406 332 392 402 1
 360 406 331 374 1
 399 331 360 406 1
 406 407 375 358 1
 408 359 373 358 1
 373 408 358 375 1
 408 358 375 407 1
 405 409 333 334 1
 334 409 404 405 1
 334 404 409 336 1
 334 409 340 336 1
 338 409 340 333 1
 334 340 409 333 1
 405 333 409 401 1
 409 333 338 401 1
 409 338 410 401 1
 335 410 338 401 1
 338 335 387 410 1
 397 387 398 410 1
 335 398 387 410 1
 398 410 335 401 1
 409 336 404 411 1
 388 404 336 411 1
 336 411 409 412 1
 338 409 410 412 1
 340 336 409 412 1
 338 340 409 412 1
 342 413 337 340 1
 413 411 336 412 1
 337 413 388 336 1
 388 336 413 411 1
 413 340 336 337 1
 413 336 340 412 1
 414 339 340 341 1
 338 414 387 339 1
 414 340 339 338 1
 338 410 414 412 1
 414 338 387 410 1
 341 346 414 339 1
 414 346 387 339 1
 414 340 338 412 1
 342 415 413 340 1
 342 341 415 340 1
 414 341 415 346 1
 342 345 415 341 1
 345 415 341 346 1
 415 341 414 340 1
 415 413 340 412 1
 415 340 414 412 1
 343 348 346 416 1
 414 387 346 416 1
 343 346 387 416 1
 414 346 415 416 1
 417 343 387 416 1
 417 343 344 387 1
 417 344 389 387 1
 347 417 343 344 1
 347 343 417 348 1
 417 348 343 416 1
 346 348 418 416 1
 417 418 348 416 1
 418 415 346 416 1
 345 418 415 346 1
 349 418 345 348 1
 418 346 345 348 1
 387 417 419 389 1
 387 419 417 416 1
 350 420 349 347 1
 420 418 349 348 1
 420 349 347 348 1
 420 417 418 348 1
 420 347 417 348 1
 351 352 421 353 1
 399 421 362 353 1
 399 421 351 398 1
 421 354 351 398 1
 351 421 352 354 1
 352 421 355 354 1
 351 421 399 353 1
 363 362 421 353 1
 355 421 352 353 1
 363 421 355 353 1
 406 422 360 399 1
 422 362 399 421 1
 360 399 422 362 1
 423 354 421 398 1
 396 354 423 398 1
 396 356 423 354 1
 423 356 355 354 1
 423 355 421 354 1
 363 355 421 423 1
 360 424 406 358 1
 424 357 360 364 1
 424 360 357 358 1
 360 422 406 424 1
 406 358 424 407 1
 425 365 359 357 1
 425 357 359 358 1
 425 424 357 358 1
 408 425 359 358 1
 365 357 425 366 1
 357 364 425 366 1
 425 364 357 424 1
 424 358 425 407 1
 408 425 358 407 1
 360 424 364 426 1
 422 360 362 426 1
 360 422 424 426 1
 364 362 360 426 1
 427 361 367 364 1
 427 362 364 426 1
 427 363 361 362 1
 427 361 364 362 1
 428 362 427 426 1
 428 422 362 426 1
 428 362 422 421 1
 428 363 427 362 1
 428 423 363 421 1
 363 421 362 428 1
 364 366 367 429 1
 427 364 429 426 1
 424 429 364 426 1
 367 427 364 429 1
 425 364 424 429 1
 425 366 364 429 1
 368 365 430 366 1
 430 365 425 366 1
 430 366 425 429 1
 367 431 427 429 1
 430 431 366 429 1
 431 367 366 429 1
 432 430 431 366 1
 370 368 432 369 1
 432 368 430 366 1
 367 369 432 366 1
 432 431 367 366 1
 368 432 369 366 1
 425 433 430 429 1
 403 392 434 371 1
 403 434 391 371 1
 391 378 434 390 1
 434 378 391 371 1
 434 380 378 371 1
 434 371 377 380 1
 434 377 371 392 1
 373 372 435 375 1
 373 435 408 375 1
 372 381 435 376 1
 372 435 375 376 1
 408 375 435 407 1
 377 434 436 392 1
 374 392 436 406 1
 374 436 392 377 1
 377 375 374 436 1
 406 375 407 436 1
 406 374 375 436 1
 375 436 435 407 1
 435 376 381 437 1
 377 376 375 437 1
 376 437 377 380 1
 377 436 434 437 1
 434 377 437 380 1
 377 375 436 437 1
 375 376 435 437 1
 375 435 436 437 1
 381 437 376 380 1
 379 382 438 390 1
 379 380 438 381 1
 434 378 438 390 1
 438 434 380 378 1
 379 438 378 390 1
 379 438 380 378 1
 438 380 434 439 1
 438 381 380 439 1
 439 435 381 437 1
 439 380 434 437 1
 439 381 380 437 1
 440 393 395 390 1
 382 441 438 390 1
 390 383 442 386 1
 390 442 383 382 1
 442 383 384 386 1
 442 441 382 390 1
 442 443 441 390 1
 393 443 385 390 1
 385 386 390 443 1
 442 386 443 390 1
 441 443 440 390 1
 393 440 443 390 1
 387 444 410 397 1
 389 387 397 444 1
 387 419 444 389 1
 414 444 387 416 1
 387 410 444 414 1
 387 444 419 416 1
 403 404 395 445 1
 394 395 404 445 1
 446 404 411 445 1
 394 404 446 445 1
 394 388 446 404 1
 446 388 413 411 1
 388 446 404 411 1
 406 424 422 447 1
 399 402 406 447 1
 422 399 406 447 1
 406 407 424 447 1
 422 421 399 448 1
 422 448 399 447 1
 396 449 389 397 1
 449 389 397 444 1
 449 419 389 444 1
 391 403 450 434 1
 434 450 391 390 1
 441 440 450 390 1
 439 438 450 434 1
 441 450 438 390 1
 391 450 403 395 1
 438 450 434 390 1
 440 395 450 390 1
 450 395 391 390 1
 451 392 403 405 1
 451 434 403 392 1
 451 434 392 436 1
 451 392 406 436 1
 451 405 402 392 1
 403 451 450 434 1
 451 402 447 406 1
 451 406 392 402 1
 393 394 452 395 1
 452 394 446 445 1
 394 452 395 445 1
 452 440 393 395 1
 452 450 440 395 1
 452 395 445 453 1
 403 445 395 453 1
 403 395 450 453 1
 452 450 395 453 1
 403 450 451 453 1
 454 398 423 421 1
 396 449 454 423 1
 444 454 410 397 1
 396 398 454 397 1
 396 454 398 423 1
 396 454 449 397 1
 397 454 449 444 1
 454 398 410 397 1
 455 421 399 398 1
 454 455 398 421 1
 455 399 421 448 1
 455 402 399 447 1
 400 455 398 401 1
 455 421 454 448 1
 455 400 399 402 1
 455 399 448 447 1
 454 410 398 455 1
 455 409 410 401 1
 455 401 400 402 1
 399 400 455 398 1
 455 410 398 401 1
 455 456 401 402 1
 409 455 456 401 1
 405 401 456 402 1
 451 447 402 456 1
 455 456 402 447 1
 409 456 405 401 1
 451 402 405 456 1
 451 403 457 405 1
 457 411 404 445 1
 457 405 409 456 1
 457 405 403 404 1
 451 405 457 456 1
 451 457 403 453 1
 409 411 457 412 1
 403 457 404 445 1
 409 457 404 405 1
 409 404 457 411 1
 403 457 445 453 1
 456 458 451 447 1
 451 456 457 458 1
 459 424 422 426 1
 422 424 459 447 1
 459 448 422 447 1
 424 407 459 447 1
 435 436 460 407 1
 460 458 459 447 1
 460 436 406 407 1
 406 460 451 436 1
 406 460 407 447 1
 459 407 460 447 1
 451 460 406 447 1
 451 458 460 447 1
 461 424 425 407 1
 461 460 459 407 1
 408 461 425 407 1
 461 408 435 407 1
 461 435 460 407 1
 461 459 424 407 1
 462 414 410 412 1
 444 410 454 462 1
 462 410 409 412 1
 455 462 454 410 1
 457 409 462 456 1
 455 409 462 410 1
 462 409 457 412 1
 462 414 444 410 1
 455 462 409 456 1
 463 411 413 412 1
 463 446 413 411 1
 457 463 412 411 1
 457 412 463 462 1
 463 446 411 445 1
 463 411 457 445 1
 413 464 463 412 1
 463 464 462 412 1
 464 415 414 412 1
 414 462 464 412 1
 464 413 415 412 1
 464 462 414 444 1
 464 415 465 414 1
 464 414 465 444 1
 465 444 414 416 1
 419 444 465 416 1
 418 465 415 416 1
 465 414 415 416 1
 419 466 465 444 1
 449 466 419 444 1
 466 449 454 444 1
 467 418 420 417 1
 467 465 418 416 1
 465 419 467 466 1
 467 419 465 416 1
 467 417 419 416 1
 467 418 417 416 1
 454 468 421 423 1
 454 421 468 448 1
 459 468 426 422 1
 428 468 423 421 1
 468 422 459 448 1
 423 468 449 454 1
 422 421 468 428 1
 422 468 421 448 1
 468 422 428 426 1
 425 429 424 469 1
 429 426 424 469 1
 425 433 429 469 1
 424 426 459 469 1
 461 433 425 469 1
 461 425 424 469 1
 461 424 459 469 1
 459 426 468 470 1
 470 427 429 426 1
 459 426 470 469 1
 428 427 470 426 1
 427 431 470 429 1
 470 426 429 469 1
 470 468 428 426 1
 432 430 471 431 1
 430 429 471 431 1
 430 471 429 433 1
 471 429 433 469 1
 471 470 431 429 1
 471 470 429 469 1
 472 433 461 469 1
 471 433 472 469 1
 473 460 435 436 1
 473 451 460 436 1
 451 473 450 434 1
 439 450 473 434 1
 435 473 461 460 1
 473 434 451 436 1
 439 434 473 437 1
 434 436 473 437 1
 439 473 435 437 1
 473 436 435 437 1
 451 460 458 474 1
 451 450 473 474 1
 451 473 460 474 1
 441 438 450 475 1
 439 450 438 475 1
 439 473 450 475 1
 473 450 475 474 1
 476 440 452 450 1
 477 441 442 443 1
 477 441 440 450 1
 477 440 476 450 1
 477 475 441 450 1
 477 441 443 440 1
 477 476 475 450 1
 465 466 478 444 1
 464 465 478 444 1
 464 478 462 444 1
 462 478 454 444 1
 454 478 466 444 1
 452 446 479 445 1
 479 446 463 445 1
 479 463 457 445 1
 457 479 445 453 1
 452 445 479 453 1
 468 448 459 480 1
 454 448 468 480 1
 480 447 455 448 1
 456 480 458 447 1
 459 480 448 447 1
 480 455 447 456 1
 459 458 480 447 1
 455 448 454 480 1
 449 468 481 454 1
 481 466 449 454 1
 481 466 454 478 1
 481 454 468 480 1
 482 451 458 474 1
 476 482 475 450 1
 451 450 482 453 1
 482 450 451 474 1
 457 482 451 458 1
 475 450 482 474 1
 451 482 457 453 1
 479 457 482 453 1
 482 452 450 476 1
 482 479 452 476 1
 482 450 452 453 1
 482 452 479 453 1
 456 483 458 480 1
 483 457 462 456 1
 455 480 483 456 1
 455 483 462 456 1
 455 483 480 454 1
 481 454 483 478 1
 483 454 462 478 1
 457 456 483 458 1
 457 483 482 458 1
 483 454 481 480 1
 455 462 483 454 1
 483 462 457 484 1
 463 457 462 484 1
 463 479 457 484 1
 483 478 462 484 1
 457 482 483 484 1
 479 482 457 484 1
 470 485 459 469 1
 485 480 468 459 1
 485 468 470 459 1
 483 486 482 458 1
 459 460 486 458 1
 486 458 460 474 1
 482 458 486 474 1
 486 458 483 480 1
 459 458 486 480 1
 486 485 459 480 1
 487 486 459 460 1
 487 469 472 461 1
 487 459 469 461 1
 461 473 487 460 1
 461 487 459 460 1
 487 472 469 485 1
 487 459 486 485 1
 487 486 460 474 1
 487 469 459 485 1
 487 460 473 474 1
 463 462 488 484 1
 463 464 488 462 1
 463 488 479 484 1
 464 465 488 478 1
 464 488 462 478 1
 462 478 488 484 1
 481 489 466 478 1
 490 489 488 478 1
 490 466 489 478 1
 490 465 467 466 1
 490 488 465 478 1
 490 465 466 478 1
 485 468 480 491 1
 485 470 468 491 1
 481 468 491 480 1
 472 487 492 485 1
 471 469 493 470 1
 471 493 469 472 1
 493 472 492 485 1
 493 492 491 485 1
 493 472 485 469 1
 493 491 470 485 1
 493 485 470 469 1
 495 482 486 474 1
 487 495 486 474 1
 495 473 475 474 1
 495 475 482 474 1
 487 473 495 474 1
 479 496 476 482 1
 496 482 479 484 1
 497 495 475 482 1
 497 475 477 476 1
 497 475 476 482 1
 495 497 496 482 1
 476 496 497 482 1
 494 489 481 498 1
 483 478 484 498 1
 488 478 489 498 1
 488 484 478 498 1
 489 478 481 498 1
 481 478 483 498 1
 488 499 484 498 1
 488 499 479 484 1
 499 496 479 484 1
 491 494 481 500 1
 481 500 483 480 1
 483 500 486 480 1
 492 491 485 500 1
 494 498 481 500 1
 481 498 483 500 1
 491 485 500 480 1
 491 500 481 480 1
 486 500 485 480 1
 483 484 501 498 1
 482 501 483 484 1
 483 498 501 500 1
 495 482 496 501 1
 482 486 483 501 1
 501 484 499 498 1
 495 486 482 501 1
 483 501 486 500 1
 499 501 496 484 1
 496 501 482 484 1
 502 486 495 501 1
 492 485 502 500 1
 502 486 501 500 1
 502 487 495 486 1
 492 487 502 485 1
 487 486 502 485 1
 502 485 486 500 1
 503 488 490 489 1
 503 488 489 498 1
 503 489 494 498 1
 503 499 488 498 1
 504 493 492 491 1
 504 491 492 500 1
 504 494 491 500 1
 504 492 502 500 1
 504 505 494 500 1
 503 494 505 498 1
 494 505 498 500 1
 501 498 505 500 1
 506 496 499 501 1
 506 495 497 496 1
 506 495 496 501 1
 506 502 495 501 1
 503 507 499 498 1
 506 499 507 501 1
 499 507 501 498 1
 505 501 507 498 1
 503 505 507 498 1
 506 508 502 501 1
 508 505 504 500 1
 508 501 505 500 1
 502 501 508 500 1
 506 507 508 501 1
 507 505 508 501 1
 502 508 504 500 1
 509 508 507 505 1
 509 504 508 505 1
 509 508 506 507 1
 509 507 503 505 1
