           1
           2
           3
           4
           5
           6
           8
           1
           2
           3
           4
          11
          12
          13
          14
          15
           1
           2
           3
           4
           5
           6
           9
          11
          12
          30
           1
           2
           3
           4
           5
           8
          12
          30
           1
           3
           4
           5
           6
           8
           9
          30
           1
           3
           5
           6
           7
           9
          10
          11
          42
           6
           7
          10
          25
          41
          42
          43
          44
           1
           4
           5
           8
           9
          12
          30
          32
          33
          46
           3
           5
           6
           8
           9
          10
          11
          30
          45
          46
          47
           6
           7
           9
          10
          11
          42
          43
          44
          45
          47
           2
           3
           6
           9
          10
          11
          12
          13
          14
          18
          30
          42
          45
          50
          51
           2
           3
           4
           8
          11
          12
          13
          30
          31
          33
          51
           2
          11
          12
          13
          14
          15
          16
          31
          51
          52
           2
          11
          13
          14
          15
          18
          19
          51
          52
           2
          13
          14
          15
          16
          17
          19
          52
          13
          15
          16
          17
          19
          20
          31
          49
          52
          55
          56
          57
          15
          16
          17
          19
          20
          21
          22
          57
          11
          14
          18
          19
          42
          48
          50
          51
          52
          53
          59
          60
          14
          15
          16
          17
          18
          19
          22
          52
          53
          57
          62
          16
          17
          20
          21
          22
          49
          56
          57
          63
          65
          17
          20
          21
          22
          23
          24
          63
          64
          65
          17
          19
          20
          21
          22
          23
          57
          62
          65
          68
          21
          22
          23
          24
          63
          64
          65
          66
          68
          69
          71
          21
          23
          24
          64
          66
          67
          71
           7
          25
          26
          27
          28
          40
          41
          43
          75
          25
          26
          27
          28
          40
          75
          77
          80
          25
          26
          27
          28
          29
          77
          78
          79
          80
          81
          25
          26
          27
          28
          41
          74
          75
          76
          80
          81
          27
          29
          78
          79
          82
          84
          87
           3
           4
           5
           8
           9
          11
          12
          30
          33
          45
          46
          51
          90
          12
          13
          16
          31
          33
          38
          39
          51
          52
          54
          55
          90
           8
          32
          33
          34
          36
          46
          89
          91
           8
          12
          30
          31
          32
          33
          36
          38
          46
          51
          90
          91
          92
          32
          34
          36
          37
          88
          89
          95
          97
         100
          35
          99
         100
         101
         102
         103
         105
          32
          33
          34
          36
          38
          88
          89
          91
          92
         106
          34
          37
          88
          95
          97
         100
         107
         111
          31
          33
          36
          38
          39
          54
          90
          92
         106
         108
         113
         115
          31
          38
          39
          54
          55
         108
         112
         113
         115
          25
          26
          40
          43
          75
          77
         117
           7
          25
          28
          41
          42
          43
          44
          48
          74
          75
          76
         121
           6
           7
          10
          11
          18
          41
          42
          44
          45
          48
          50
         121
           7
          10
          25
          40
          41
          43
          44
          47
          75
         117
         121
           7
          10
          41
          42
          43
          44
          45
          47
          50
         121
           9
          10
          11
          30
          42
          44
          45
          46
          47
          50
          51
          90
         121
         122
           8
           9
          30
          32
          33
          45
          46
          47
          89
          90
          91
          93
         122
           9
          10
          43
          44
          45
          46
          47
          93
         117
         118
         121
         122
          18
          41
          42
          48
          50
          59
          60
          74
          76
         121
         123
         124
          16
          20
          49
          55
          56
          63
          65
         109
         110
         126
         127
         131
          11
          18
          42
          44
          45
          48
          50
          51
          59
          90
         116
         121
         122
         123
         132
          11
          12
          13
          14
          18
          30
          31
          33
          45
          50
          51
          52
          54
          59
          90
         116
         133
          13
          14
          15
          16
          18
          19
          31
          51
          52
          53
          54
          55
          56
          57
          58
          59
          62
         133
         134
          18
          19
          52
          53
          59
          60
          61
          62
         134
          31
          38
          39
          51
          52
          54
          55
          56
          90
         115
         116
         133
         135
          16
          31
          39
          49
          52
          54
          55
          56
         110
         112
         115
         131
         135
          16
          20
          49
          52
          54
          55
          56
          57
          58
          65
         127
         131
         133
         135
         137
          16
          17
          19
          20
          22
          52
          56
          57
          58
          62
          65
          68
         138
          52
          56
          57
          58
          62
          65
         127
         133
         134
         137
         138
          18
          48
          50
          51
          52
          53
          59
          60
         116
         123
         132
         133
         134
         136
         139
          18
          48
          53
          59
          60
          61
          73
         123
         124
         134
         139
          53
          60
          61
          62
          73
         134
         139
         140
         141
         142
          19
          22
          52
          53
          57
          58
          61
          62
          68
         134
         138
         140
         142
         143
          20
          21
          23
          49
          63
          64
          65
          67
          69
         109
         127
         144
          21
          23
          24
          63
          64
          66
          67
          69
         144
          20
          21
          22
          23
          49
          56
          57
          58
          63
          65
          68
          69
         127
         138
         144
         145
          23
          24
          64
          66
          67
          69
          71
         144
         146
          24
          63
          64
          66
          67
         109
         128
         129
         144
         146
         147
          22
          23
          57
          62
          65
          68
          69
          70
          71
          72
         138
         142
         143
         149
          23
          63
          64
          65
          66
          68
          69
          70
          71
          72
         138
         144
         145
         146
         151
          68
          69
          70
          72
         138
         143
         144
         145
         146
         148
         149
         150
         151
          23
          24
          66
          68
          69
          71
          72
         146
         150
         151
          68
          69
          70
          71
          72
         149
         150
         151
          60
          61
          73
         123
         124
         139
         141
         152
          28
          41
          48
          74
          76
          80
          81
          83
         124
         125
         160
          25
          26
          28
          40
          41
          43
          75
          76
          77
          80
         117
         120
         121
         161
          28
          41
          48
          74
          75
          76
          80
         121
         123
         124
         160
         161
          26
          27
          40
          75
          77
          78
          80
          85
          86
         117
         120
         162
         163
          27
          29
          77
          78
          79
          80
          81
          82
          86
          87
         163
          27
          29
          78
          79
          81
          82
          84
         163
          26
          27
          28
          74
          75
          76
          77
          78
          80
          81
         120
         160
         161
         162
         163
         164
         165
          27
          28
          74
          78
          79
          80
          81
          83
          84
         160
         163
         165
          29
          78
          79
          82
          84
          87
         163
         175
          74
          81
          83
          84
         114
         125
         154
         160
         165
         166
         176
          29
          79
          81
          82
          83
          84
         114
         163
         165
         175
         176
          77
          85
          86
         117
         119
         120
         162
         172
         173
         174
         177
          77
          78
          85
          86
          87
         162
         163
         173
         177
         179
         180
          29
          78
          82
          86
          87
         163
         175
         179
         180
          34
          36
          37
          88
          89
          92
          95
         106
         107
         111
         183
          32
          34
          36
          46
          88
          89
          91
          92
          93
          95
          96
          97
         183
         184
          30
          31
          33
          38
          45
          46
          50
          51
          54
          90
          91
          92
         113
         115
         116
         122
         185
          32
          33
          36
          46
          89
          90
          91
          92
          93
         122
         183
         184
         185
          33
          36
          38
          88
          89
          90
          91
          92
         106
         113
         183
         185
          46
          47
          89
          91
          93
          94
          96
         118
         122
         167
         184
         186
          93
          94
         118
         119
         167
         171
         172
         186
         187
          34
          37
          88
          89
          95
          96
          97
         111
         183
         184
         189
          89
          93
          95
          96
          97
          98
         167
         168
         184
         189
          34
          37
          89
          95
          96
          97
          98
          99
         100
         107
         111
         189
         191
          96
          97
          98
          99
         103
         104
         111
         168
         170
         189
         190
         191
          35
          97
          98
          99
         100
         101
         102
         103
         191
          34
          35
          37
          97
          99
         100
         101
         107
         191
          35
          99
         100
         101
         102
         105
         107
         191
         192
          35
          99
         101
         102
         103
         105
         191
         193
          35
          98
          99
         102
         103
         104
         169
         191
         193
         194
          98
         103
         104
         169
         170
         190
         191
         193
         194
          35
         101
         102
         105
         191
         192
         193
         196
         197
          36
          38
          88
          92
         106
         107
         108
         113
         183
         200
          37
          88
          97
         100
         101
         106
         107
         111
         183
         191
         192
         198
         200
         202
          38
          39
         106
         108
         112
         113
         200
         203
          49
          63
          67
         109
         126
         127
         128
         129
         144
         205
          49
          55
         110
         112
         126
         130
         131
         207
         208
          37
          88
          95
          97
          98
         107
         111
         183
         189
         190
         191
         195
         198
         210
          39
          55
         108
         110
         112
         113
         115
         131
         135
         199
         200
         203
         207
         208
         212
          38
          39
          90
          92
         106
         108
         112
         113
         115
         183
         185
         200
         203
         211
         212
         213
          83
          84
         114
         154
         157
         166
         176
         217
          38
          39
          54
          55
          90
         112
         113
         115
         116
         133
         135
         185
         212
         213
         220
          50
          51
          54
          59
          90
         115
         116
         122
         132
         133
         185
         188
         213
         220
          40
          43
          47
          75
          77
          85
         117
         118
         119
         120
         121
         221
          47
          93
          94
         117
         118
         119
         121
         122
         186
         187
         221
          85
          94
         117
         118
         119
         120
         172
         174
         187
         221
          75
          77
          80
          85
         117
         119
         120
         121
         161
         162
         174
         221
         222
          41
          42
          43
          44
          45
          47
          48
          50
          75
          76
         117
         118
         120
         121
         122
         123
         132
         161
         221
         223
          45
          46
          47
          50
          90
          91
          93
         116
         118
         121
         122
         132
         184
         185
         186
         188
         221
         223
          48
          50
          59
          60
          73
          76
         121
         123
         124
         132
         136
         139
         152
         160
         161
         223
         224
         225
          48
          60
          73
          74
          76
         123
         124
         125
         152
         160
         225
          74
          83
         124
         125
         152
         153
         154
         160
         166
         225
          49
         109
         110
         126
         127
         128
         130
         131
         205
         209
         226
          49
          56
          58
          63
          65
         109
         126
         127
         128
         131
         137
         138
         144
         145
         226
         227
          67
         109
         126
         127
         128
         129
         144
         147
         205
         226
         227
         228
         229
          67
         109
         128
         129
         147
         205
         206
         229
         110
         126
         130
         131
         207
         208
         209
         226
         231
          49
          55
          56
         110
         112
         126
         127
         130
         131
         135
         137
         207
         226
         231
         232
          50
          59
         116
         121
         122
         123
         132
         133
         136
         188
         220
         223
         224
         233
         235
          51
          52
          54
          56
          58
          59
         115
         116
         132
         133
         134
         135
         136
         137
         220
         235
         237
          52
          53
          58
          59
          60
          61
          62
         133
         134
         136
         137
         138
         139
         140
         236
         237
          54
          55
          56
         112
         115
         131
         133
         135
         137
         207
         212
         220
         232
         234
         237
          59
         123
         132
         133
         134
         136
         139
         224
         235
         236
         237
          56
          58
         127
         131
         133
         134
         135
         137
         138
         145
         226
         227
         232
         234
         237
         238
         241
          57
          58
          62
          65
          68
          69
          70
         127
         134
         137
         138
         140
         143
         145
         237
         241
          59
          60
          61
          73
         123
         134
         136
         139
         140
         141
         152
         224
         225
         236
         242
          61
          62
         134
         138
         139
         140
         141
         142
         143
         236
         237
         241
         242
          61
          73
         139
         140
         141
         142
         152
         155
         242
          61
          62
          68
         140
         141
         142
         143
         149
         155
         156
         241
         242
         243
         244
          62
          68
          70
         138
         140
         142
         143
         145
         148
         149
         241
         244
          63
          64
          65
          66
          67
          69
          70
         109
         127
         128
         144
         145
         146
         147
         148
         227
         246
          65
          69
          70
         127
         137
         138
         143
         144
         145
         148
         227
         238
         239
         241
         245
         246
          66
          67
          69
          70
          71
         144
         146
         147
         148
         151
         246
          67
         128
         129
         144
         146
         147
         227
         229
         230
         246
          70
         143
         144
         145
         146
         148
         149
         150
         151
         241
         244
         245
         246
         247
          68
          70
          72
         142
         143
         148
         149
         150
         156
         244
         247
          70
          71
          72
         148
         149
         150
         151
         156
         159
         247
          69
          70
          71
          72
         146
         148
         150
         151
         246
         247
          73
         123
         124
         125
         139
         141
         152
         153
         155
         225
         240
         242
         248
         125
         152
         153
         154
         155
         166
         218
         219
         225
         240
         248
         249
          83
         114
         125
         153
         154
         157
         166
         217
         218
         219
         251
         141
         142
         152
         153
         155
         156
         158
         242
         243
         248
         249
         253
         142
         149
         150
         155
         156
         158
         159
         243
         244
         247
         254
         114
         154
         157
         217
         219
         250
         251
         252
         257
         155
         156
         158
         159
         243
         249
         253
         255
         256
         258
         150
         156
         158
         159
         243
         247
         254
         255
         258
          74
          76
          80
          81
          83
         123
         124
         125
         160
         161
         164
         165
         166
         224
         225
         259
          75
          76
          80
         120
         121
         123
         160
         161
         162
         164
         221
         222
         223
         224
         259
          77
          80
          85
          86
         120
         161
         162
         163
         164
         174
         177
         222
         260
          77
          78
          79
          80
          81
          82
          84
          86
          87
         162
         163
         164
         165
         175
         177
         179
         260
         261
          80
         160
         161
         162
         163
         164
         165
         166
         222
         259
         260
         261
          80
          81
          83
          84
         160
         163
         164
         165
         166
         175
         176
         261
          83
         114
         125
         153
         154
         160
         164
         165
         166
         176
         217
         218
         225
         259
         261
         262
          93
          94
          96
         167
         168
         171
         184
         186
         189
         264
          96
          98
         167
         168
         170
         171
         181
         189
         190
         264
         265
         266
         267
         103
         104
         169
         170
         181
         182
         190
         194
         268
          98
         104
         168
         169
         170
         181
         190
         267
         268
          94
         167
         168
         171
         172
         186
         187
         264
         265
         269
          85
          94
         119
         171
         172
         173
         174
         187
         265
         269
         271
         274
          85
          86
         172
         173
         174
         177
         178
         180
         271
         272
         274
          85
         119
         120
         162
         172
         173
         174
         177
         178
         187
         221
         222
         260
         270
         273
         274
         276
          82
          84
          87
         163
         165
         175
         176
         177
         179
         260
         261
         277
          83
          84
         114
         165
         166
         175
         176
         217
         261
         263
         277
          85
          86
         162
         163
         173
         174
         175
         177
         178
         179
         180
         260
         276
         277
         278
         173
         174
         177
         178
         180
         271
         272
         274
         275
         276
         278
          86
          87
         163
         175
         177
         179
         180
         277
         278
          86
          87
         173
         177
         178
         179
         180
         272
         278
         168
         169
         170
         181
         182
         265
         266
         267
         268
         279
         281
         169
         181
         182
         266
         268
         279
         280
         281
         285
          88
          89
          91
          92
          95
         106
         107
         111
         113
         183
         184
         185
         189
         198
         200
         203
         210
         211
         213
         287
          89
          91
          93
          95
          96
         122
         167
         183
         184
         185
         186
         188
         189
         287
          90
          91
          92
         113
         115
         116
         122
         183
         184
         185
         188
         213
         287
          93
          94
         118
         122
         167
         171
         184
         186
         187
         188
         189
         221
         264
         287
         288
          94
         118
         119
         171
         172
         174
         186
         187
         221
         264
         269
         270
         274
         288
         116
         122
         132
         184
         185
         186
         188
         213
         220
         221
         223
         233
         287
         288
         289
          95
          96
          97
          98
         111
         167
         168
         183
         184
         186
         189
         190
         195
         210
         264
         287
         291
          98
         104
         111
         168
         169
         170
         189
         190
         191
         193
         194
         195
         264
         267
         268
         291
         292
          97
          98
          99
         100
         101
         102
         103
         104
         105
         107
         111
         190
         191
         192
         193
         195
         196
         198
         293
         101
         105
         107
         191
         192
         196
         197
         198
         201
         202
         204
         293
         102
         103
         104
         105
         190
         191
         193
         194
         195
         196
         293
         294
         103
         104
         169
         190
         193
         194
         195
         268
         292
         293
         294
         111
         189
         190
         191
         193
         194
         195
         198
         210
         287
         291
         292
         293
         295
         105
         191
         192
         193
         196
         197
         201
         293
         294
         298
         105
         192
         196
         197
         201
         204
         298
         301
         107
         111
         183
         191
         192
         195
         198
         200
         201
         202
         203
         210
         211
         293
         302
         112
         199
         200
         202
         203
         204
         207
         208
         296
         297
         300
         302
         106
         107
         108
         112
         113
         183
         198
         199
         200
         202
         203
         302
         192
         196
         197
         198
         201
         202
         204
         293
         298
         302
         107
         192
         198
         199
         200
         201
         202
         204
         302
         108
         112
         113
         183
         198
         199
         200
         203
         207
         211
         212
         296
         302
         303
         192
         197
         199
         201
         202
         204
         296
         298
         300
         301
         302
         304
         109
         126
         128
         129
         205
         206
         209
         215
         226
         228
         229
         307
         129
         205
         206
         215
         216
         229
         307
         308
         309
         110
         112
         130
         131
         135
         199
         203
         207
         208
         212
         231
         232
         296
         303
         313
         314
         110
         112
         130
         199
         207
         208
         209
         231
         296
         297
         314
         126
         130
         205
         208
         209
         214
         215
         226
         228
         231
         297
         314
         315
         111
         183
         189
         195
         198
         210
         211
         287
         293
         295
         302
         316
         113
         183
         198
         203
         210
         211
         212
         213
         287
         302
         303
         316
         112
         113
         115
         135
         203
         207
         211
         212
         213
         220
         232
         234
         303
         313
         316
         317
         113
         115
         116
         183
         185
         188
         211
         212
         213
         220
         287
         289
         316
         317
         209
         214
         215
         216
         297
         299
         309
         310
         312
         315
         318
         205
         206
         209
         214
         215
         216
         228
         307
         308
         315
         318
         206
         214
         215
         216
         308
         309
         318
         114
         154
         157
         166
         176
         217
         218
         251
         261
         262
         263
         319
         153
         154
         166
         217
         218
         219
         225
         240
         248
         251
         262
         319
         320
         153
         154
         157
         218
         219
         248
         249
         250
         251
         320
         115
         116
         132
         133
         135
         188
         212
         213
         220
         233
         234
         235
         237
         289
         317
         321
         117
         118
         119
         120
         121
         122
         161
         174
         186
         187
         188
         221
         222
         223
         233
         270
         288
         322
         120
         161
         162
         164
         174
         221
         222
         223
         224
         259
         260
         270
         273
         322
         121
         122
         123
         132
         161
         188
         221
         222
         223
         224
         233
         322
         123
         132
         136
         139
         160
         161
         222
         223
         224
         225
         233
         235
         236
         259
         321
         322
         324
         123
         124
         125
         139
         152
         153
         160
         166
         218
         224
         225
         236
         240
         242
         259
         262
         324
         126
         127
         128
         130
         131
         137
         205
         209
         226
         227
         228
         231
         232
         238
         326
         127
         128
         137
         144
         145
         147
         226
         227
         228
         229
         230
         238
         239
         246
         326
         128
         205
         209
         215
         226
         227
         228
         229
         230
         231
         307
         315
         318
         325
         326
         327
         128
         129
         147
         205
         206
         227
         228
         229
         230
         307
         327
         147
         227
         228
         229
         230
         239
         246
         311
         326
         327
         328
         130
         131
         207
         208
         209
         226
         228
         231
         232
         313
         314
         315
         325
         326
         329
         131
         135
         137
         207
         212
         226
         231
         232
         234
         238
         313
         326
         329
         132
         188
         220
         221
         223
         224
         233
         235
         270
         288
         289
         321
         322
         331
         135
         137
         212
         220
         232
         234
         235
         237
         238
         313
         317
         321
         329
         330
         332
         132
         133
         136
         220
         224
         233
         234
         235
         236
         237
         321
         324
         330
         333
         134
         136
         139
         140
         224
         225
         235
         236
         237
         241
         242
         324
         333
         133
         134
         135
         136
         137
         138
         140
         220
         234
         235
         236
         237
         238
         241
         330
         333
         334
         137
         145
         226
         227
         232
         234
         237
         238
         239
         241
         245
         326
         329
         330
         334
         145
         227
         230
         238
         239
         245
         246
         311
         326
         328
         334
         336
         152
         153
         218
         225
         240
         242
         248
         262
         320
         324
         335
         338
         339
         137
         138
         140
         142
         143
         145
         148
         236
         237
         238
         241
         242
         244
         245
         333
         334
         340
         139
         140
         141
         142
         152
         155
         225
         236
         240
         241
         242
         243
         244
         248
         253
         324
         333
         338
         339
         340
         341
         142
         155
         156
         158
         159
         242
         243
         244
         253
         254
         255
         341
         142
         143
         148
         149
         156
         241
         242
         243
         244
         245
         247
         254
         340
         341
         342
         145
         148
         238
         239
         241
         244
         245
         246
         247
         311
         334
         336
         337
         340
         342
         144
         145
         146
         147
         148
         151
         227
         230
         239
         245
         246
         247
         311
         342
         148
         149
         150
         151
         156
         159
         244
         245
         246
         247
         254
         342
         152
         153
         155
         218
         219
         240
         242
         248
         249
         253
         320
         339
         343
         153
         155
         158
         219
         248
         249
         250
         253
         256
         257
         320
         343
         157
         219
         249
         250
         251
         252
         257
         320
         343
         154
         157
         217
         218
         219
         250
         251
         252
         319
         320
         344
         157
         250
         251
         252
         257
         320
         343
         344
         155
         158
         242
         243
         248
         249
         253
         255
         256
         258
         339
         341
         343
         345
         156
         159
         243
         244
         247
         254
         255
         341
         342
         345
         158
         159
         243
         253
         254
         255
         258
         341
         345
         158
         249
         253
         256
         257
         258
         343
         345
         347
         349
         350
         157
         249
         250
         252
         256
         257
         343
         344
         347
         350
         158
         159
         253
         255
         256
         258
         345
         349
         350
         160
         161
         164
         166
         222
         224
         225
         259
         260
         261
         262
         273
         322
         324
         351
         352
         162
         163
         164
         174
         175
         177
         222
         259
         260
         261
         273
         276
         277
         352
         163
         164
         165
         166
         175
         176
         217
         259
         260
         261
         262
         263
         277
         352
         166
         217
         218
         225
         240
         259
         261
         262
         263
         319
         320
         324
         335
         351
         352
         354
         176
         217
         261
         262
         263
         277
         319
         352
         354
         355
         356
         167
         168
         171
         186
         187
         189
         190
         264
         265
         266
         267
         269
         287
         288
         290
         291
         357
         168
         171
         172
         181
         264
         265
         266
         269
         271
         281
         282
         283
         357
         168
         181
         182
         264
         265
         266
         267
         269
         279
         280
         281
         357
         168
         170
         181
         190
         264
         266
         267
         268
         279
         291
         292
         357
         359
         169
         170
         181
         182
         190
         194
         267
         268
         279
         292
         359
         171
         172
         187
         264
         265
         266
         269
         270
         271
         274
         283
         288
         290
         357
         360
         174
         187
         221
         222
         233
         269
         270
         273
         274
         288
         290
         322
         323
         331
         360
         172
         173
         178
         265
         269
         271
         272
         274
         275
         282
         283
         284
         361
         173
         178
         180
         271
         272
         275
         278
         284
         361
         174
         222
         259
         260
         270
         273
         274
         276
         322
         323
         351
         352
         353
         360
         362
         172
         173
         174
         178
         187
         269
         270
         271
         273
         274
         275
         276
         283
         360
         362
         178
         271
         272
         274
         275
         276
         278
         283
         361
         362
         174
         177
         178
         260
         273
         274
         275
         276
         277
         278
         352
         353
         355
         362
         363
         175
         176
         177
         179
         260
         261
         263
         276
         277
         278
         352
         355
         363
         177
         178
         179
         180
         272
         275
         276
         277
         278
         361
         362
         363
         181
         182
         266
         267
         268
         279
         280
         357
         359
         365
         182
         266
         279
         280
         281
         285
         357
         365
         181
         182
         265
         266
         280
         281
         282
         285
         357
         365
         366
         265
         271
         281
         282
         283
         284
         285
         286
         357
         366
         265
         269
         271
         274
         275
         282
         283
         284
         357
         360
         361
         362
         364
         366
         367
         271
         272
         282
         283
         284
         286
         361
         366
         367
         369
         370
         182
         280
         281
         282
         285
         286
         365
         366
         368
         370
         282
         284
         285
         286
         366
         368
         369
         370
         183
         184
         185
         186
         188
         189
         195
         210
         211
         213
         264
         287
         288
         289
         291
         295
         316
         374
         186
         187
         188
         221
         233
         264
         269
         270
         287
         288
         289
         290
         291
         331
         374
         188
         213
         220
         233
         287
         288
         289
         316
         317
         321
         331
         332
         374
         264
         269
         270
         288
         290
         291
         331
         357
         358
         360
         374
         189
         190
         195
         264
         267
         287
         288
         290
         291
         292
         295
         357
         358
         359
         373
         374
         375
         190
         194
         195
         267
         268
         291
         292
         293
         294
         295
         359
         372
         373
         375
         191
         192
         193
         194
         195
         196
         198
         201
         210
         292
         293
         294
         295
         298
         302
         305
         376
         193
         194
         196
         292
         293
         294
         295
         298
         305
         372
         376
         195
         210
         287
         291
         292
         293
         294
         295
         302
         316
         372
         374
         375
         376
         377
         199
         203
         204
         207
         208
         296
         297
         300
         302
         303
         304
         314
         378
         199
         208
         209
         214
         296
         297
         299
         300
         312
         314
         315
         378
         196
         197
         201
         204
         293
         294
         298
         301
         302
         304
         305
         379
         214
         297
         299
         300
         301
         306
         310
         312
         378
         379
         199
         204
         296
         297
         299
         300
         301
         304
         378
         379
         197
         204
         298
         299
         300
         301
         304
         306
         379
         198
         199
         200
         201
         202
         203
         204
         210
         211
         293
         295
         296
         298
         302
         303
         304
         305
         316
         376
         380
         203
         207
         211
         212
         296
         302
         303
         304
         313
         314
         316
         378
         380
         204
         296
         298
         300
         301
         302
         303
         304
         305
         376
         378
         379
         380
         381
         293
         294
         298
         302
         304
         305
         372
         376
         379
         381
         299
         301
         306
         310
         312
         379
         382
         383
         384
         205
         206
         215
         228
         229
         307
         308
         318
         327
         385
         206
         215
         216
         307
         308
         309
         318
         385
         206
         214
         216
         308
         309
         310
         312
         318
         384
         385
         386
         214
         299
         306
         309
         310
         312
         383
         384
         386
         230
         239
         245
         246
         311
         328
         336
         337
         342
         388
         214
         297
         299
         306
         309
         310
         312
         314
         315
         318
         378
         379
         382
         383
         385
         386
         390
         391
         207
         212
         231
         232
         234
         303
         313
         314
         316
         317
         325
         329
         371
         378
         380
         391
         207
         208
         209
         231
         296
         297
         303
         312
         313
         314
         315
         325
         378
         391
         209
         214
         215
         228
         231
         297
         312
         314
         315
         318
         325
         391
         210
         211
         212
         213
         287
         289
         295
         302
         303
         313
         316
         317
         371
         374
         376
         377
         380
         392
         212
         213
         220
         234
         289
         313
         316
         317
         321
         329
         332
         371
         374
         392
         214
         215
         216
         228
         307
         308
         309
         312
         315
         318
         325
         327
         385
         391
         393
         395
         217
         218
         251
         262
         263
         319
         320
         344
         354
         356
         389
         396
         218
         219
         240
         248
         249
         250
         251
         252
         262
         319
         320
         335
         338
         339
         343
         344
         354
         387
         389
         396
         398
         220
         224
         233
         234
         235
         289
         317
         321
         322
         324
         330
         331
         332
         333
         400
         221
         222
         223
         224
         233
         259
         270
         273
         321
         322
         323
         324
         331
         351
         400
         270
         273
         322
         323
         331
         351
         353
         360
         362
         399
         400
         224
         225
         235
         236
         240
         242
         259
         262
         321
         322
         324
         333
         335
         338
         351
         400
         401
         228
         231
         313
         314
         315
         318
         325
         326
         327
         329
         371
         391
         395
         403
         226
         227
         228
         230
         231
         232
         238
         239
         325
         326
         327
         328
         329
         334
         336
         395
         403
         404
         228
         229
         230
         307
         318
         325
         326
         327
         328
         385
         393
         394
         395
         404
         230
         239
         311
         326
         327
         328
         336
         388
         394
         404
         231
         232
         234
         238
         313
         317
         325
         326
         329
         330
         332
         334
         371
         392
         403
         405
         234
         235
         237
         238
         321
         329
         330
         332
         333
         334
         405
         233
         270
         288
         289
         290
         321
         322
         323
         331
         332
         360
         374
         399
         400
         402
         406
         234
         289
         317
         321
         329
         330
         331
         332
         333
         374
         392
         400
         401
         402
         405
         406
         235
         236
         237
         241
         242
         321
         324
         330
         332
         333
         334
         338
         340
         400
         401
         405
         409
         237
         238
         239
         241
         245
         326
         329
         330
         333
         334
         336
         340
         403
         404
         405
         409
         240
         262
         320
         324
         335
         338
         351
         354
         387
         398
         400
         401
         410
         239
         245
         311
         326
         328
         334
         336
         337
         340
         388
         404
         409
         411
         412
         413
         245
         311
         336
         337
         340
         342
         388
         413
         240
         242
         320
         324
         333
         335
         338
         339
         340
         387
         401
         409
         410
         412
         414
         240
         242
         248
         253
         320
         338
         339
         340
         341
         343
         346
         387
         414
         241
         242
         244
         245
         333
         334
         336
         337
         338
         339
         340
         341
         342
         409
         412
         413
         414
         415
         242
         243
         244
         253
         254
         255
         339
         340
         341
         342
         343
         345
         346
         414
         415
         244
         245
         246
         247
         254
         311
         337
         340
         341
         342
         345
         413
         415
         248
         249
         250
         252
         253
         256
         257
         320
         339
         341
         343
         344
         345
         346
         347
         348
         349
         387
         416
         417
         251
         252
         257
         319
         320
         343
         344
         347
         387
         389
         417
         253
         254
         255
         256
         258
         341
         342
         343
         345
         346
         348
         349
         415
         418
         339
         341
         343
         345
         346
         348
         387
         414
         415
         416
         418
         256
         257
         343
         344
         347
         348
         349
         350
         417
         420
         343
         345
         346
         347
         348
         349
         416
         417
         418
         420
         256
         258
         343
         345
         347
         348
         349
         350
         418
         420
         256
         257
         258
         347
         349
         350
         420
         259
         262
         273
         322
         323
         324
         335
         351
         352
         353
         354
         398
         399
         400
         421
         259
         260
         261
         262
         263
         273
         276
         277
         351
         352
         353
         354
         355
         421
         273
         276
         323
         351
         352
         353
         355
         362
         363
         399
         421
         262
         263
         319
         320
         335
         351
         352
         354
         355
         356
         396
         398
         421
         423
         263
         276
         277
         352
         353
         354
         355
         356
         363
         421
         423
         263
         319
         354
         355
         356
         396
         423
         264
         265
         266
         267
         269
         279
         280
         281
         282
         283
         290
         291
         357
         358
         359
         360
         364
         365
         366
         424
         425
         290
         291
         357
         358
         359
         360
         373
         374
         375
         406
         407
         408
         424
         425
         267
         268
         279
         291
         292
         357
         358
         359
         365
         373
         408
         425
         269
         270
         273
         274
         283
         290
         323
         331
         357
         358
         360
         362
         364
         374
         399
         406
         422
         424
         426
         271
         272
         275
         278
         283
         284
         361
         362
         363
         364
         367
         427
         273
         274
         275
         276
         278
         283
         323
         353
         360
         361
         362
         363
         364
         399
         421
         422
         426
         427
         428
         276
         277
         278
         353
         355
         361
         362
         363
         421
         423
         427
         428
         283
         357
         360
         361
         362
         364
         366
         367
         424
         425
         426
         427
         429
         279
         280
         281
         285
         357
         359
         365
         366
         368
         425
         430
         281
         282
         283
         284
         285
         286
         357
         364
         365
         366
         367
         368
         369
         425
         429
         430
         431
         432
         283
         284
         361
         364
         366
         367
         369
         427
         429
         431
         432
         285
         286
         365
         366
         368
         369
         370
         430
         432
         284
         286
         366
         367
         368
         369
         370
         432
         284
         285
         286
         368
         369
         370
         432
         313
         316
         317
         325
         329
         371
         377
         378
         380
         391
         392
         403
         434
         292
         294
         295
         305
         372
         373
         375
         376
         381
         435
         291
         292
         358
         359
         372
         373
         375
         408
         435
         287
         288
         289
         290
         291
         295
         316
         317
         331
         332
         358
         360
         374
         375
         377
         392
         406
         436
         291
         292
         295
         358
         372
         373
         374
         375
         376
         377
         406
         407
         408
         435
         436
         437
         293
         294
         295
         302
         304
         305
         316
         372
         375
         376
         377
         380
         381
         435
         437
         295
         316
         371
         374
         375
         376
         377
         380
         392
         434
         436
         437
         296
         297
         299
         300
         303
         304
         312
         313
         314
         371
         378
         379
         380
         390
         391
         434
         438
         298
         299
         300
         301
         304
         305
         306
         312
         378
         379
         380
         381
         382
         390
         438
         302
         303
         304
         313
         316
         371
         376
         377
         378
         379
         380
         381
         434
         437
         438
         439
         304
         305
         372
         376
         379
         380
         381
         435
         437
         438
         439
         306
         312
         379
         382
         383
         390
         438
         441
         442
         306
         310
         312
         382
         383
         384
         386
         390
         442
         306
         309
         310
         383
         384
         386
         442
         307
         308
         309
         312
         318
         327
         385
         386
         390
         391
         393
         443
         309
         310
         312
         383
         384
         385
         386
         390
         442
         443
         320
         335
         338
         339
         343
         344
         346
         387
         389
         396
         397
         398
         410
         414
         416
         417
         419
         444
         311
         328
         336
         337
         388
         394
         404
         411
         413
         446
         319
         320
         344
         387
         389
         396
         397
         417
         419
         444
         449
         312
         378
         379
         382
         383
         385
         386
         390
         391
         393
         395
         434
         438
         440
         441
         442
         443
         450
         312
         313
         314
         315
         318
         325
         371
         378
         385
         390
         391
         393
         395
         403
         434
         450
         316
         317
         329
         332
         371
         374
         377
         392
         402
         403
         405
         406
         434
         436
         451
         318
         327
         385
         390
         391
         393
         394
         395
         440
         443
         452
         327
         328
         388
         393
         394
         395
         404
         445
         446
         452
         318
         325
         326
         327
         390
         391
         393
         394
         395
         403
         404
         440
         445
         450
         452
         453
         319
         320
         354
         356
         387
         389
         396
         397
         398
         423
         449
         454
         387
         389
         396
         397
         398
         410
         444
         449
         454
         320
         335
         351
         354
         387
         396
         397
         398
         399
         400
         401
         410
         421
         423
         454
         455
         323
         331
         351
         353
         360
         362
         398
         399
         400
         402
         406
         421
         422
         447
         448
         455
         321
         322
         323
         324
         331
         332
         333
         335
         351
         398
         399
         400
         401
         402
         455
         324
         332
         333
         335
         338
         398
         400
         401
         402
         405
         409
         410
         455
         456
         331
         332
         392
         399
         400
         401
         402
         405
         406
         447
         451
         455
         456
         325
         326
         329
         334
         371
         391
         392
         395
         403
         404
         405
         434
         445
         450
         451
         453
         457
         326
         327
         328
         334
         336
         388
         394
         395
         403
         404
         405
         409
         411
         445
         446
         457
         329
         330
         332
         333
         334
         392
         401
         402
         403
         404
         405
         409
         451
         456
         457
         331
         332
         358
         360
         374
         375
         392
         399
         402
         406
         407
         422
         424
         436
         447
         451
         460
         358
         375
         406
         407
         408
         424
         425
         435
         436
         447
         459
         460
         461
         358
         359
         373
         375
         407
         408
         425
         435
         461
         333
         334
         336
         338
         340
         401
         404
         405
         409
         410
         411
         412
         455
         456
         457
         462
         335
         338
         387
         397
         398
         401
         409
         410
         412
         414
         444
         454
         455
         462
         336
         388
         404
         409
         411
         412
         413
         445
         446
         457
         463
         336
         338
         340
         409
         410
         411
         412
         413
         414
         415
         457
         462
         463
         464
         336
         337
         340
         342
         388
         411
         412
         413
         415
         446
         463
         464
         338
         339
         340
         341
         346
         387
         410
         412
         414
         415
         416
         444
         462
         464
         465
         340
         341
         342
         345
         346
         412
         413
         414
         415
         416
         418
         464
         465
         343
         346
         348
         387
         414
         415
         416
         417
         418
         419
         444
         465
         467
         343
         344
         347
         348
         387
         389
         416
         417
         418
         419
         420
         467
         345
         346
         348
         349
         415
         416
         417
         418
         420
         465
         467
         387
         389
         416
         417
         419
         444
         449
         465
         466
         467
         347
         348
         349
         350
         417
         418
         420
         467
         351
         352
         353
         354
         355
         362
         363
         398
         399
         421
         422
         423
         428
         448
         454
         455
         468
         360
         362
         399
         406
         421
         422
         424
         426
         428
         447
         448
         459
         468
         354
         355
         356
         363
         396
         398
         421
         423
         428
         449
         454
         468
         357
         358
         360
         364
         406
         407
         422
         424
         425
         426
         429
         447
         459
         461
         469
         357
         358
         359
         364
         365
         366
         407
         408
         424
         425
         429
         430
         433
         461
         469
         360
         362
         364
         422
         424
         426
         427
         428
         429
         459
         468
         469
         470
         361
         362
         363
         364
         367
         426
         427
         428
         429
         431
         470
         362
         363
         421
         422
         423
         426
         427
         428
         468
         470
         364
         366
         367
         424
         425
         426
         427
         429
         430
         431
         433
         469
         470
         471
         365
         366
         368
         425
         429
         430
         431
         432
         433
         471
         366
         367
         427
         429
         430
         431
         432
         470
         471
         366
         367
         368
         369
         370
         430
         431
         432
         471
         425
         429
         430
         433
         461
         469
         471
         472
         371
         377
         378
         380
         390
         391
         392
         403
         434
         436
         437
         438
         439
         450
         451
         473
         372
         373
         375
         376
         381
         407
         408
         435
         436
         437
         439
         460
         461
         473
         374
         375
         377
         392
         406
         407
         434
         435
         436
         437
         451
         460
         473
         375
         376
         377
         380
         381
         434
         435
         436
         437
         439
         473
         378
         379
         380
         381
         382
         390
         434
         438
         439
         441
         450
         475
         380
         381
         434
         435
         437
         438
         439
         450
         473
         475
         390
         393
         395
         440
         441
         443
         450
         452
         476
         477
         382
         390
         438
         440
         441
         442
         443
         450
         475
         477
         382
         383
         384
         386
         390
         441
         442
         443
         477
         385
         386
         390
         393
         440
         441
         442
         443
         477
         387
         389
         397
         410
         414
         416
         419
         444
         449
         454
         462
         464
         465
         466
         478
         394
         395
         403
         404
         411
         445
         446
         452
         453
         457
         463
         479
         388
         394
         404
         411
         413
         445
         446
         452
         463
         479
         399
         402
         406
         407
         422
         424
         447
         448
         451
         455
         456
         458
         459
         460
         480
         399
         421
         422
         447
         448
         454
         455
         459
         468
         480
         389
         396
         397
         419
         423
         444
         449
         454
         466
         468
         481
         390
         391
         395
         403
         434
         438
         439
         440
         441
         450
         451
         452
         453
         473
         474
         475
         476
         477
         482
         392
         402
         403
         405
         406
         434
         436
         447
         450
         451
         453
         456
         457
         458
         460
         473
         474
         482
         393
         394
         395
         440
         445
         446
         450
         452
         453
         476
         479
         482
         395
         403
         445
         450
         451
         452
         453
         457
         479
         482
         396
         397
         398
         410
         421
         423
         444
         448
         449
         454
         455
         462
         466
         468
         478
         480
         481
         483
         398
         399
         400
         401
         402
         409
         410
         421
         447
         448
         454
         455
         456
         462
         480
         483
         401
         402
         405
         409
         447
         451
         455
         456
         457
         458
         462
         480
         483
         403
         404
         405
         409
         411
         412
         445
         451
         453
         456
         457
         458
         462
         463
         479
         482
         483
         484
         447
         451
         456
         457
         458
         459
         460
         474
         480
         482
         483
         486
         407
         422
         424
         426
         447
         448
         458
         459
         460
         461
         468
         469
         470
         480
         485
         486
         487
         406
         407
         435
         436
         447
         451
         458
         459
         460
         461
         473
         474
         486
         487
         407
         408
         424
         425
         433
         435
         459
         460
         461
         469
         472
         473
         487
         409
         410
         412
         414
         444
         454
         455
         456
         457
         462
         463
         464
         478
         483
         484
         488
         411
         412
         413
         445
         446
         457
         462
         463
         464
         479
         484
         488
         412
         413
         414
         415
         444
         462
         463
         464
         465
         478
         488
         414
         415
         416
         418
         419
         444
         464
         465
         466
         467
         478
         488
         490
         419
         444
         449
         454
         465
         466
         467
         478
         481
         489
         490
         416
         417
         418
         419
         420
         465
         466
         467
         490
         421
         422
         423
         426
         428
         448
         449
         454
         459
         468
         470
         480
         481
         485
         491
         424
         425
         426
         429
         433
         459
         461
         469
         470
         471
         472
         485
         487
         493
         426
         427
         428
         429
         431
         459
         468
         469
         470
         471
         485
         491
         493
         429
         430
         431
         432
         433
         469
         470
         471
         472
         493
         433
         461
         469
         471
         472
         485
         487
         492
         493
         434
         435
         436
         437
         439
         450
         451
         460
         461
         473
         474
         475
         487
         495
         450
         451
         458
         460
         473
         474
         475
         482
         486
         487
         495
         438
         439
         441
         450
         473
         474
         475
         476
         477
         482
         495
         497
         440
         450
         452
         475
         476
         477
         479
         482
         496
         497
         440
         441
         442
         443
         450
         475
         476
         477
         497
         444
         454
         462
         464
         465
         466
         478
         481
         483
         484
         488
         489
         490
         498
         445
         446
         452
         453
         457
         463
         476
         479
         482
         484
         488
         496
         499
         447
         448
         454
         455
         456
         458
         459
         468
         480
         481
         483
         485
         486
         491
         500
         449
         454
         466
         468
         478
         480
         481
         483
         489
         491
         494
         498
         500
         450
         451
         452
         453
         457
         458
         474
         475
         476
         479
         482
         483
         484
         486
         495
         496
         497
         501
         454
         455
         456
         457
         458
         462
         478
         480
         481
         482
         483
         484
         486
         498
         500
         501
         457
         462
         463
         478
         479
         482
         483
         484
         488
         496
         498
         499
         501
         459
         468
         469
         470
         472
         480
         485
         486
         487
         491
         492
         493
         500
         502
         458
         459
         460
         474
         480
         482
         483
         485
         486
         487
         495
         500
         501
         502
         459
         460
         461
         469
         472
         473
         474
         485
         486
         487
         492
         495
         502
         462
         463
         464
         465
         478
         479
         484
         488
         489
         490
         498
         499
         503
         466
         478
         481
         488
         489
         490
         494
         498
         503
         465
         466
         467
         478
         488
         489
         490
         503
         468
         470
         480
         481
         485
         491
         492
         493
         494
         500
         504
         472
         485
         487
         491
         492
         493
         500
         502
         504
         469
         470
         471
         472
         485
         491
         492
         493
         504
         481
         489
         491
         494
         498
         500
         503
         504
         505
         473
         474
         475
         482
         486
         487
         495
         496
         497
         501
         502
         506
         476
         479
         482
         484
         495
         496
         497
         499
         501
         506
         475
         476
         477
         482
         495
         496
         497
         506
         478
         481
         483
         484
         488
         489
         494
         498
         499
         500
         501
         503
         505
         507
         479
         484
         488
         496
         498
         499
         501
         503
         506
         507
         480
         481
         483
         485
         486
         491
         492
         494
         498
         500
         501
         502
         504
         505
         508
         482
         483
         484
         486
         495
         496
         498
         499
         500
         501
         502
         505
         506
         507
         508
         485
         486
         487
         492
         495
         500
         501
         502
         504
         506
         508
         488
         489
         490
         494
         498
         499
         503
         505
         507
         491
         492
         493
         494
         500
         502
         504
         505
         508
         509
         494
         498
         500
         501
         503
         504
         505
         507
         508
         509
         495
         496
         497
         499
         501
         502
         506
         507
         508
         509
         498
         499
         501
         503
         505
         506
         507
         508
         509
         500
         501
         502
         504
         505
         506
         507
         508
         509
         504
         505
         506
         507
         508
         509
